  1945     1     0.099  0.204     0.106  0.193     0.059  0.135     0.021  0.109    -0.002  0.071
  1945     2    -0.022  0.204     0.106  0.193     0.058  0.133     0.017  0.109    -0.002  0.071
  1945     3     0.084  0.203     0.099  0.192     0.058  0.131     0.015  0.109    -0.003  0.071
  1945     4     0.220  0.211     0.093  0.192     0.059  0.129     0.012  0.109    -0.002  0.071
  1945     5     0.013  0.217     0.088  0.190     0.060  0.127     0.012  0.109    -0.001  0.071
  1945     6     0.004  0.215     0.072  0.189     0.057  0.125     0.011  0.109    -0.001  0.071
  1945     7    -0.010  0.232     0.068  0.176     0.059  0.123     0.010  0.109    -0.000  0.071
  1945     8     0.225  0.238     0.065  0.163     0.055  0.121     0.008  0.109     0.001  0.071
  1945     9     0.100  0.215     0.061  0.151     0.052  0.119     0.006  0.109     0.002  0.071
  1945    10     0.216  0.203     0.049  0.141     0.048  0.117     0.004  0.109     0.002  0.071
  1945    11     0.002  0.197     0.042  0.131     0.047  0.115     0.001  0.109     0.002  0.071
  1945    12    -0.069  0.199     0.025  0.124     0.048  0.114    -0.002  0.109     0.002  0.071
  1946     1     0.049  0.152     0.020  0.118     0.045  0.112    -0.004  0.108     0.003  0.071
  1946     2    -0.052  0.148    -0.013  0.116     0.042  0.111    -0.009  0.107     0.004  0.071
  1946     3     0.030  0.143    -0.032  0.116     0.039  0.110    -0.010  0.105     0.004  0.071
  1946     4     0.074  0.153    -0.052  0.118     0.034  0.108    -0.009  0.104     0.004  0.071
  1946     5    -0.061  0.165    -0.058  0.122     0.028  0.107    -0.009  0.103     0.004  0.071
  1946     6    -0.199  0.154    -0.074  0.127     0.018  0.106    -0.008  0.102     0.004  0.071
  1946     7    -0.077  0.180    -0.079  0.126     0.013  0.105    -0.009  0.101     0.004  0.071
  1946     8    -0.170  0.191    -0.073  0.125     0.006  0.103    -0.007  0.100     0.003  0.071
  1946     9    -0.133  0.169    -0.065  0.124     0.000  0.102    -0.004  0.099     0.003  0.071
  1946    10    -0.015  0.156    -0.065  0.124    -0.004  0.101    -0.004  0.098     0.001  0.071
  1946    11    -0.076  0.144    -0.064  0.124    -0.008  0.100    -0.004  0.097     0.001  0.071
  1946    12    -0.260  0.138    -0.052  0.124    -0.014  0.100    -0.004  0.096     0.001  0.071
  1947     1    -0.004  0.140    -0.050  0.124    -0.020  0.099    -0.005  0.095     0.001  0.071
  1947     2     0.019  0.132    -0.045  0.123    -0.025  0.099    -0.004  0.094     0.000  0.071
  1947     3     0.125  0.132    -0.044  0.123    -0.031  0.098    -0.005  0.093     0.000  0.071
  1947     4     0.077  0.151    -0.033  0.122    -0.036  0.098    -0.005  0.092     0.001  0.071
  1947     5    -0.054  0.162    -0.021  0.123    -0.040  0.097    -0.005  0.092     0.002  0.071
  1947     6    -0.056  0.154    -0.005  0.123    -0.043  0.097    -0.004  0.091     0.002  0.071
  1947     7    -0.049  0.180     0.001  0.122    -0.048  0.096    -0.003  0.090     0.002  0.071
  1947     8    -0.119  0.184    -0.014  0.122    -0.054  0.096    -0.001  0.089     0.003  0.071
  1947     9    -0.114  0.162    -0.043  0.122    -0.057  0.096     0.000  0.088     0.003  0.071
  1947    10     0.118  0.150    -0.057  0.122    -0.064  0.096     0.001  0.087     0.002  0.071
  1947    11     0.061  0.144    -0.048  0.122    -0.065  0.096    -0.000  0.086     0.002  0.071
  1947    12    -0.066  0.141    -0.041  0.121    -0.066  0.096    -0.000  0.086     0.003  0.071
  1948     1     0.073  0.133    -0.046  0.121    -0.066  0.096     0.001  0.085     0.004  0.071
  1948     2    -0.167  0.131    -0.041  0.120    -0.072  0.097     0.002  0.084     0.005  0.070
  1948     3    -0.219  0.133    -0.045  0.119    -0.077  0.097     0.003  0.083     0.005  0.070
  1948     4    -0.092  0.145    -0.058  0.119    -0.084  0.097     0.004  0.082     0.005  0.070
  1948     5     0.048  0.153    -0.080  0.118    -0.089  0.098     0.006  0.082     0.005  0.070
  1948     6     0.031  0.147    -0.099  0.118    -0.091  0.098     0.008  0.081     0.006  0.070
  1948     7    -0.108  0.169    -0.099  0.116    -0.098  0.097     0.009  0.081     0.006  0.070
  1948     8    -0.061  0.170    -0.101  0.115    -0.104  0.096     0.009  0.080     0.006  0.070
  1948     9    -0.159  0.147    -0.090  0.113    -0.106  0.095     0.010  0.079     0.005  0.070
  1948    10    -0.036  0.142    -0.090  0.111    -0.108  0.094     0.008  0.079     0.004  0.070
  1948    11    -0.199  0.138    -0.101  0.110    -0.105  0.093     0.007  0.078     0.004  0.070
  1948    12    -0.303  0.130    -0.123  0.108    -0.100  0.093     0.006  0.078     0.005  0.070
  1949     1     0.081  0.115    -0.129  0.106    -0.097  0.092     0.001  0.077     0.006  0.070
  1949     2    -0.199  0.114    -0.133  0.105    -0.091  0.091    -0.002  0.077     0.006  0.070
  1949     3    -0.081  0.113    -0.133  0.103    -0.088  0.090    -0.005  0.076     0.008  0.070
  1949     4    -0.096  0.128    -0.132  0.101    -0.084  0.089    -0.006  0.076     0.008  0.070
  1949     5    -0.080  0.140    -0.127  0.099    -0.082  0.088    -0.008  0.075     0.009  0.070
  1949     6    -0.242  0.134    -0.107  0.097    -0.075  0.087    -0.009  0.075     0.009  0.070
  1949     7    -0.171  0.157    -0.133  0.096    -0.072  0.086    -0.011  0.075     0.009  0.070
  1949     8    -0.109  0.158    -0.145  0.094    -0.069  0.085    -0.014  0.074     0.009  0.070
  1949     9    -0.165  0.137    -0.148  0.093    -0.072  0.084    -0.016  0.074     0.009  0.070
  1949    10    -0.025  0.118    -0.157  0.092    -0.072  0.083    -0.018  0.074     0.009  0.070
  1949    11    -0.137  0.112    -0.156  0.090    -0.070  0.082    -0.017  0.073     0.009  0.070
  1949    12    -0.064  0.111    -0.137  0.089    -0.067  0.081    -0.018  0.073     0.007  0.070
  1950     1    -0.232  0.102    -0.125  0.088    -0.065  0.081    -0.017  0.073     0.007  0.070
  1950     2    -0.340  0.097    -0.130  0.086    -0.061  0.080    -0.018  0.073     0.007  0.070
  1950     3    -0.114  0.097    -0.132  0.085    -0.057  0.079    -0.021  0.072     0.005  0.070
  1950     4    -0.200  0.114    -0.144  0.084    -0.058  0.078    -0.024  0.072     0.004  0.069
  1950     5    -0.067  0.121    -0.161  0.082    -0.060  0.077    -0.026  0.072     0.004  0.069
  1950     6    -0.018  0.115    -0.171  0.081    -0.058  0.076    -0.026  0.072     0.004  0.069
  1950     7    -0.025  0.136    -0.180  0.080    -0.057  0.075    -0.027  0.072     0.003  0.069
  1950     8    -0.169  0.128    -0.184  0.079    -0.051  0.074    -0.027  0.072     0.003  0.069
  1950     9    -0.195  0.114    -0.186  0.078    -0.046  0.074    -0.030  0.072     0.003  0.069
  1950    10    -0.170  0.105    -0.171  0.077    -0.039  0.073    -0.031  0.072     0.003  0.069
  1950    11    -0.340  0.090    -0.155  0.077    -0.036  0.072    -0.033  0.072     0.003  0.069
  1950    12    -0.186  0.094    -0.145  0.076    -0.032  0.072    -0.035  0.072     0.003  0.069
  1951     1    -0.331  0.086    -0.138  0.074    -0.028  0.071    -0.036  0.072     0.003  0.068
  1951     2    -0.395  0.085    -0.108  0.074    -0.025  0.070    -0.037  0.071     0.003  0.068
  1951     3    -0.138  0.085    -0.084  0.073    -0.020  0.070    -0.039  0.071     0.004  0.067
  1951     4    -0.019  0.096    -0.052  0.072    -0.017  0.069    -0.041  0.071     0.004  0.067
  1951     5     0.127  0.106    -0.023  0.072    -0.014  0.068    -0.043  0.070     0.005  0.066
  1951     6     0.107  0.098     0.009  0.071    -0.007  0.068    -0.042  0.070     0.005  0.066
  1951     7     0.059  0.112     0.052  0.071    -0.012  0.067    -0.042  0.069     0.005  0.066
  1951     8     0.185  0.130     0.098  0.071    -0.010  0.067    -0.043  0.069     0.005  0.065
  1951     9     0.096  0.107     0.104  0.071    -0.010  0.066    -0.044  0.068     0.006  0.065
  1951    10     0.210  0.093     0.114  0.071    -0.008  0.066    -0.046  0.068     0.005  0.064
  1951    11     0.007  0.082     0.110  0.072    -0.007  0.066    -0.047  0.067     0.005  0.064
  1951    12     0.195  0.089     0.109  0.072    -0.004  0.066    -0.045  0.067     0.004  0.063
  1952     1     0.187  0.085     0.114  0.073    -0.003  0.065    -0.046  0.067     0.003  0.063
  1952     2     0.159  0.087     0.108  0.073    -0.002  0.065    -0.046  0.066     0.003  0.063
  1952     3    -0.063  0.090     0.110  0.074    -0.001  0.065    -0.048  0.066     0.003  0.062
  1952     4     0.100  0.114     0.098  0.074     0.001  0.065    -0.048  0.065     0.004  0.062
  1952     5     0.072  0.130     0.089  0.075     0.006  0.064    -0.047  0.065     0.003  0.061
  1952     6     0.095  0.117     0.080  0.075     0.006  0.064    -0.045  0.065     0.003  0.061
  1952     7     0.119  0.147     0.072  0.076     0.014  0.064    -0.044  0.064     0.003  0.061
  1952     8     0.115  0.149     0.075  0.076     0.017  0.064    -0.042  0.064     0.003  0.060
  1952     9     0.121  0.122     0.089  0.077     0.015  0.064    -0.041  0.063     0.003  0.060
  1952    10     0.069  0.104     0.107  0.076     0.016  0.064    -0.041  0.063     0.002  0.059
  1952    11    -0.097  0.101     0.123  0.077     0.014  0.064    -0.041  0.063     0.002  0.059
  1952    12     0.087  0.096     0.136  0.077     0.014  0.064    -0.039  0.062     0.002  0.059
  1953     1     0.091  0.091     0.137  0.077     0.012  0.064    -0.037  0.062     0.002  0.058
  1953     2     0.192  0.094     0.139  0.077     0.017  0.064    -0.034  0.061     0.002  0.058
  1953     3     0.103  0.093     0.139  0.077     0.018  0.064    -0.031  0.061     0.001  0.058
  1953     4     0.319  0.116     0.143  0.078     0.021  0.063    -0.030  0.061     0.001  0.057
  1953     5     0.256  0.131     0.151  0.078     0.023  0.063    -0.030  0.060    -0.000  0.057
  1953     6     0.253  0.122     0.154  0.078     0.022  0.063    -0.030  0.060    -0.000  0.057
  1953     7     0.131  0.146     0.129  0.078     0.026  0.063    -0.030  0.060    -0.000  0.056
  1953     8     0.147  0.151     0.108  0.078     0.030  0.063    -0.030  0.059     0.001  0.056
  1953     9     0.117  0.123     0.092  0.077     0.029  0.063    -0.029  0.059     0.001  0.056
  1953    10     0.120  0.105     0.066  0.077     0.026  0.063    -0.029  0.059     0.000  0.056
  1953    11    -0.009  0.101     0.043  0.077     0.019  0.063    -0.027  0.058     0.000  0.055
  1953    12     0.132  0.098     0.019  0.076     0.015  0.063    -0.023  0.058    -0.001  0.055
  1954     1    -0.211  0.091    -0.002  0.076     0.013  0.063    -0.023  0.058    -0.002  0.055
  1954     2    -0.061  0.094    -0.021  0.075     0.005  0.063    -0.021  0.058    -0.004  0.055
  1954     3    -0.086  0.091    -0.037  0.074    -0.001  0.063    -0.019  0.058    -0.006  0.054
  1954     4     0.005  0.107    -0.039  0.074    -0.009  0.063    -0.017  0.058    -0.008  0.054
  1954     5    -0.021  0.116    -0.025  0.074    -0.012  0.063    -0.015  0.057    -0.010  0.054
  1954     6    -0.040  0.105    -0.041  0.074    -0.015  0.063    -0.012  0.057    -0.011  0.054
  1954     7    -0.117  0.124    -0.006  0.073    -0.020  0.063    -0.011  0.057    -0.012  0.053
  1954     8    -0.077  0.127    -0.012  0.073    -0.023  0.063    -0.010  0.057    -0.014  0.053
  1954     9    -0.079  0.107    -0.026  0.073    -0.024  0.063    -0.009  0.057    -0.016  0.053
  1954    10     0.094  0.096    -0.037  0.073    -0.025  0.062    -0.009  0.057    -0.019  0.053
  1954    11     0.159  0.092    -0.049  0.073    -0.023  0.062    -0.009  0.057    -0.020  0.053
  1954    12    -0.064  0.093    -0.050  0.073    -0.022  0.062    -0.009  0.057    -0.022  0.053
  1955     1     0.214  0.085    -0.048  0.072    -0.024  0.062    -0.007  0.057    -0.022  0.052
  1955     2    -0.131  0.085    -0.031  0.072    -0.024  0.062    -0.003  0.057    -0.023  0.052
  1955     3    -0.260  0.081    -0.038  0.072    -0.024  0.061    -0.005  0.056    -0.024  0.052
  1955     4    -0.121  0.096    -0.045  0.072    -0.024  0.061    -0.004  0.056    -0.025  0.052
  1955     5    -0.171  0.105    -0.078  0.071    -0.021  0.061    -0.004  0.056    -0.026  0.052
  1955     6    -0.049  0.099    -0.092  0.071    -0.020  0.061    -0.004  0.056    -0.026  0.052
  1955     7    -0.098  0.110    -0.116  0.070    -0.016  0.061    -0.004  0.056    -0.027  0.052
  1955     8     0.130  0.112    -0.118  0.070    -0.016  0.061    -0.002  0.056    -0.028  0.052
  1955     9    -0.159  0.095    -0.114  0.070    -0.016  0.060     0.000  0.056    -0.029  0.052
  1955    10     0.013  0.085    -0.122  0.069    -0.020  0.060     0.002  0.056    -0.030  0.052
  1955    11    -0.240  0.084    -0.129  0.068    -0.024  0.060     0.004  0.056    -0.030  0.052
  1955    12    -0.233  0.086    -0.136  0.068    -0.029  0.060     0.007  0.055    -0.030  0.052
  1956     1    -0.073  0.073    -0.136  0.068    -0.031  0.060     0.010  0.055    -0.031  0.051
  1956     2    -0.151  0.083    -0.172  0.068    -0.035  0.059     0.015  0.055    -0.031  0.051
  1956     3    -0.217  0.075    -0.177  0.067    -0.039  0.059     0.017  0.055    -0.031  0.051
  1956     4    -0.215  0.077    -0.201  0.067    -0.040  0.059     0.018  0.055    -0.032  0.051
  1956     5    -0.258  0.078    -0.195  0.066    -0.039  0.059     0.018  0.055    -0.032  0.050
  1956     6    -0.131  0.077    -0.175  0.065    -0.040  0.058     0.019  0.055    -0.031  0.050
  1956     7    -0.099  0.081    -0.179  0.065    -0.034  0.058     0.018  0.055    -0.030  0.050
  1956     8    -0.298  0.080    -0.170  0.064    -0.033  0.058     0.017  0.054    -0.030  0.050
  1956     9    -0.220  0.075    -0.159  0.064    -0.029  0.058     0.016  0.054    -0.029  0.049
  1956    10    -0.275  0.071    -0.137  0.063    -0.026  0.058     0.015  0.054    -0.030  0.049
  1956    11    -0.169  0.077    -0.104  0.063    -0.023  0.058     0.015  0.054    -0.030  0.049
  1956    12     0.003  0.070    -0.077  0.063    -0.021  0.058     0.012  0.054    -0.029  0.049
  1957     1    -0.119  0.070    -0.071  0.063    -0.019  0.057     0.011  0.054    -0.029  0.048
  1957     2    -0.042  0.066    -0.034  0.063    -0.018  0.057     0.011  0.053    -0.030  0.048
  1957     3    -0.089  0.066    -0.009  0.064    -0.018  0.057     0.012  0.053    -0.030  0.048
  1957     4     0.050  0.071     0.022  0.064    -0.020  0.057     0.012  0.053    -0.030  0.048
  1957     5     0.138  0.073     0.041  0.066    -0.025  0.057     0.010  0.053    -0.029  0.048
  1957     6     0.199  0.082     0.053  0.066    -0.023  0.057     0.010  0.053    -0.029  0.047
  1957     7    -0.025  0.133     0.093  0.066    -0.027  0.057     0.008  0.052    -0.029  0.047
  1957     8     0.144  0.076     0.112  0.065    -0.023  0.056     0.007  0.052    -0.028  0.047
  1957     9     0.079  0.099     0.129  0.065    -0.024  0.056     0.005  0.052    -0.028  0.047
  1957    10     0.100  0.081     0.128  0.066    -0.024  0.056     0.004  0.052    -0.028  0.046
  1957    11     0.057  0.098     0.122  0.066    -0.022  0.055     0.005  0.051    -0.029  0.046
  1957    12     0.149  0.078     0.100  0.066    -0.022  0.055     0.004  0.051    -0.029  0.046
  1958     1     0.356  0.070     0.101  0.063    -0.021  0.055     0.003  0.051    -0.030  0.046
  1958     2     0.189  0.070     0.083  0.063    -0.022  0.055     0.003  0.051    -0.030  0.045
  1958     3     0.116  0.071     0.068  0.062    -0.018  0.055     0.000  0.050    -0.028  0.045
  1958     4     0.029  0.082     0.064  0.061    -0.017  0.054    -0.003  0.050    -0.028  0.045
  1958     5     0.071  0.079     0.063  0.060    -0.016  0.054    -0.006  0.050    -0.029  0.045
  1958     6    -0.064  0.077     0.058  0.059    -0.008  0.054    -0.008  0.049    -0.029  0.044
  1958     7    -0.013  0.094     0.037  0.060    -0.006  0.054    -0.009  0.049    -0.030  0.044
  1958     8    -0.070  0.073     0.025  0.060    -0.000  0.053    -0.008  0.049    -0.030  0.044
  1958     9    -0.109  0.078     0.027  0.060     0.004  0.053    -0.007  0.049    -0.030  0.044
  1958    10     0.051  0.072     0.041  0.060     0.010  0.053    -0.007  0.049    -0.030  0.043
  1958    11     0.052  0.074     0.044  0.060     0.018  0.052    -0.006  0.048    -0.029  0.043
  1958    12     0.084  0.081     0.056  0.061     0.022  0.052    -0.007  0.048    -0.028  0.043
  1959     1     0.110  0.074     0.060  0.061     0.024  0.052    -0.006  0.048    -0.029  0.043
  1959     2     0.040  0.068     0.066  0.061     0.029  0.051    -0.006  0.048    -0.028  0.043
  1959     3     0.143  0.084     0.066  0.061     0.033  0.051    -0.008  0.047    -0.028  0.043
  1959     4     0.197  0.066     0.061  0.061     0.038  0.051    -0.011  0.047    -0.027  0.042
  1959     5     0.104  0.071     0.046  0.061     0.041  0.050    -0.013  0.047    -0.025  0.042
  1959     6     0.090  0.073     0.040  0.061     0.039  0.050    -0.013  0.047    -0.024  0.042
  1959     7     0.024  0.078     0.031  0.061     0.042  0.050    -0.013  0.046    -0.024  0.042
  1959     8     0.002  0.075     0.036  0.060     0.045  0.049    -0.015  0.046    -0.023  0.042
  1959     9    -0.102  0.074    -0.003  0.060     0.048  0.049    -0.017  0.046    -0.022  0.041
  1959    10    -0.010  0.065    -0.031  0.060     0.048  0.049    -0.020  0.046    -0.022  0.041
  1959    11    -0.133  0.068    -0.044  0.060     0.044  0.048    -0.023  0.046    -0.021  0.041
  1959    12     0.020  0.075    -0.052  0.060     0.041  0.048    -0.025  0.045    -0.019  0.041
  1960     1    -0.008  0.069    -0.058  0.058     0.040  0.048    -0.027  0.045    -0.018  0.041
  1960     2     0.108  0.068    -0.051  0.058     0.037  0.048    -0.027  0.045    -0.016  0.041
  1960     3    -0.333  0.064    -0.037  0.058     0.034  0.047    -0.026  0.045    -0.015  0.041
  1960     4    -0.136  0.066    -0.030  0.058     0.032  0.047    -0.027  0.044    -0.014  0.040
  1960     5    -0.055  0.076    -0.033  0.058     0.031  0.047    -0.026  0.044    -0.014  0.040
  1960     6    -0.003  0.078    -0.016  0.058     0.028  0.047    -0.027  0.044    -0.014  0.040
  1960     7    -0.047  0.067    -0.010  0.057     0.023  0.046    -0.027  0.044    -0.014  0.040
  1960     8     0.090  0.075    -0.005  0.056     0.021  0.046    -0.029  0.043    -0.014  0.040
  1960     9     0.069  0.067     0.027  0.055     0.016  0.046    -0.029  0.043    -0.012  0.040
  1960    10     0.071  0.065     0.051  0.055     0.014  0.045    -0.029  0.043    -0.012  0.039
  1960    11    -0.167  0.068     0.071  0.055     0.012  0.045    -0.028  0.043    -0.010  0.039
  1960    12     0.223  0.060     0.082  0.053     0.012  0.045    -0.026  0.043    -0.010  0.039
  1961     1     0.057  0.062     0.088  0.052     0.014  0.045    -0.026  0.042    -0.009  0.039
  1961     2     0.174  0.070     0.081  0.051     0.019  0.044    -0.025  0.042    -0.008  0.039
  1961     3     0.046  0.069     0.079  0.050     0.024  0.044    -0.024  0.042    -0.009  0.039
  1961     4     0.158  0.063     0.073  0.049     0.025  0.044    -0.022  0.042    -0.009  0.039
  1961     5     0.178  0.061     0.088  0.048     0.026  0.044    -0.021  0.042    -0.010  0.038
  1961     6     0.132  0.081     0.060  0.048     0.026  0.043    -0.020  0.041    -0.011  0.038
  1961     7     0.020  0.063     0.060  0.047     0.023  0.043    -0.018  0.041    -0.011  0.038
  1961     8     0.017  0.072     0.055  0.046     0.020  0.043    -0.016  0.041    -0.012  0.038
  1961     9     0.038  0.061     0.062  0.045     0.013  0.043    -0.014  0.041    -0.013  0.038
  1961    10    -0.004  0.063     0.054  0.045     0.004  0.042    -0.013  0.041    -0.014  0.038
  1961    11     0.022  0.054     0.029  0.045    -0.003  0.042    -0.012  0.041    -0.014  0.037
  1961    12    -0.119  0.055     0.020  0.044    -0.005  0.042    -0.012  0.040    -0.016  0.037
  1962     1     0.061  0.048     0.012  0.043    -0.007  0.041    -0.012  0.040    -0.018  0.037
  1962     2     0.116  0.050     0.005  0.043    -0.011  0.041    -0.013  0.040    -0.019  0.037
  1962     3     0.126  0.056    -0.006  0.043    -0.015  0.041    -0.012  0.040    -0.019  0.037
  1962     4     0.055  0.048    -0.008  0.044    -0.020  0.040    -0.013  0.040    -0.019  0.037
  1962     5    -0.113  0.057    -0.009  0.045    -0.022  0.040    -0.012  0.040    -0.019  0.036
  1962     6     0.015  0.080     0.000  0.045    -0.026  0.040    -0.014  0.039    -0.019  0.036
  1962     7    -0.070  0.060    -0.005  0.045    -0.027  0.040    -0.013  0.039    -0.020  0.036
  1962     8    -0.066  0.052    -0.004  0.045    -0.031  0.039    -0.014  0.039    -0.020  0.036
  1962     9    -0.089  0.096    -0.033  0.044    -0.029  0.039    -0.015  0.039    -0.020  0.036
  1962    10    -0.032  0.078    -0.043  0.043    -0.030  0.039    -0.016  0.039    -0.020  0.035
  1962    11     0.003  0.049    -0.041  0.044    -0.030  0.039    -0.017  0.039    -0.020  0.035
  1962    12    -0.004  0.054    -0.044  0.043    -0.031  0.039    -0.018  0.038    -0.019  0.035
  1963     1     0.003  0.045    -0.032  0.043    -0.033  0.039    -0.023  0.038    -0.019  0.035
  1963     2     0.118  0.049    -0.005  0.043    -0.036  0.038    -0.026  0.038    -0.018  0.035
  1963     3    -0.220  0.052     0.017  0.045    -0.040  0.038    -0.026  0.038    -0.018  0.034
  1963     4    -0.062  0.070     0.031  0.046    -0.041  0.038    -0.027  0.038    -0.018  0.034
  1963     5    -0.086  0.060     0.040  0.047    -0.040  0.038    -0.028  0.038    -0.018  0.034
  1963     6    -0.021  0.057     0.044  0.047    -0.044  0.038    -0.028  0.037    -0.018  0.034
  1963     7     0.070  0.073     0.037  0.047    -0.047  0.038    -0.030  0.037    -0.019  0.034
  1963     8     0.255  0.063     0.017  0.047    -0.051  0.038    -0.030  0.037    -0.019  0.033
  1963     9     0.179  0.073     0.011  0.047    -0.052  0.038    -0.031  0.037    -0.019  0.033
  1963    10     0.137  0.057    -0.012  0.046    -0.055  0.038    -0.031  0.036    -0.020  0.033
  1963    11     0.113  0.066    -0.028  0.046    -0.060  0.038    -0.032  0.036    -0.020  0.033
  1963    12     0.045  0.052    -0.029  0.046    -0.062  0.037    -0.033  0.036    -0.020  0.033
  1964     1    -0.080  0.049    -0.043  0.046    -0.060  0.037    -0.034  0.036    -0.020  0.032
  1964     2    -0.124  0.055    -0.088  0.045    -0.061  0.037    -0.035  0.036    -0.021  0.032
  1964     3    -0.293  0.060    -0.131  0.045    -0.062  0.037    -0.037  0.036    -0.021  0.032
  1964     4    -0.335  0.056    -0.166  0.045    -0.065  0.037    -0.037  0.035    -0.021  0.032
  1964     5    -0.277  0.053    -0.197  0.044    -0.065  0.037    -0.036  0.035    -0.021  0.032
  1964     6    -0.041  0.057    -0.220  0.043    -0.063  0.037    -0.035  0.035    -0.021  0.031
  1964     7    -0.093  0.057    -0.216  0.043    -0.066  0.038    -0.036  0.034    -0.021  0.031
  1964     8    -0.283  0.085    -0.220  0.043    -0.072  0.038    -0.036  0.034    -0.020  0.031
  1964     9    -0.342  0.054    -0.210  0.043    -0.073  0.038    -0.035  0.034    -0.020  0.031
  1964    10    -0.285  0.053    -0.198  0.043    -0.074  0.038    -0.034  0.034    -0.020  0.031
  1964    11    -0.255  0.054    -0.181  0.043    -0.068  0.037    -0.033  0.033    -0.021  0.031
  1964    12    -0.237  0.049    -0.185  0.044    -0.069  0.037    -0.030  0.033    -0.021  0.030
  1965     1    -0.033  0.051    -0.190  0.043    -0.067  0.037    -0.029  0.033    -0.022  0.030
  1965     2    -0.167  0.057    -0.172  0.043    -0.066  0.037    -0.029  0.033    -0.021  0.030
  1965     3    -0.177  0.054    -0.160  0.043    -0.065  0.037    -0.026  0.033    -0.019  0.030
  1965     4    -0.184  0.052    -0.137  0.043    -0.063  0.037    -0.024  0.032    -0.018  0.030
  1965     5    -0.077  0.067    -0.121  0.043    -0.065  0.037    -0.023  0.032    -0.016  0.029
  1965     6    -0.093  0.082    -0.102  0.043    -0.065  0.037    -0.024  0.032    -0.016  0.029
  1965     7    -0.152  0.074    -0.112  0.043    -0.069  0.037    -0.024  0.032    -0.016  0.029
  1965     8    -0.059  0.055    -0.101  0.043    -0.073  0.037    -0.025  0.031    -0.017  0.029
  1965     9    -0.200  0.069    -0.091  0.044    -0.068  0.037    -0.025  0.031    -0.017  0.029
  1965    10    -0.011  0.059    -0.077  0.044    -0.067  0.036    -0.025  0.031    -0.017  0.028
  1965    11    -0.065  0.060    -0.078  0.045    -0.068  0.036    -0.025  0.031    -0.017  0.028
  1965    12    -0.004  0.056    -0.070  0.048    -0.069  0.036    -0.027  0.031    -0.016  0.028
  1966     1    -0.151  0.060    -0.049  0.046    -0.073  0.036    -0.028  0.030    -0.016  0.028
  1966     2    -0.038  0.058    -0.047  0.047    -0.079  0.035    -0.031  0.030    -0.016  0.028
  1966     3    -0.057  0.063    -0.030  0.046    -0.086  0.035    -0.034  0.030    -0.016  0.028
  1966     4    -0.015  0.050    -0.043  0.045    -0.086  0.035    -0.036  0.030    -0.015  0.027
  1966     5    -0.094  0.051    -0.040  0.045    -0.090  0.035    -0.038  0.030    -0.015  0.027
  1966     6     0.006  0.057    -0.040  0.044    -0.091  0.034    -0.040  0.029    -0.016  0.027
  1966     7     0.100  0.054    -0.035  0.044    -0.091  0.034    -0.041  0.029    -0.015  0.027
  1966     8    -0.038  0.062    -0.050  0.044    -0.090  0.034    -0.042  0.029    -0.015  0.027
  1966     9     0.004  0.062    -0.042  0.044    -0.086  0.034    -0.042  0.029    -0.014  0.026
  1966    10    -0.157  0.062    -0.039  0.043    -0.077  0.033    -0.043  0.029    -0.014  0.026
  1966    11    -0.030  0.054    -0.014  0.043    -0.069  0.033    -0.044  0.029    -0.013  0.026
  1966    12    -0.006  0.045    -0.014  0.043    -0.066  0.033    -0.044  0.028    -0.012  0.026
  1967     1    -0.087  0.049    -0.020  0.043    -0.066  0.032    -0.046  0.028    -0.011  0.026
  1967     2    -0.227  0.067    -0.017  0.042    -0.061  0.032    -0.049  0.028    -0.009  0.026
  1967     3     0.047  0.059    -0.020  0.041    -0.055  0.032    -0.050  0.028    -0.008  0.025
  1967     4     0.012  0.055    -0.003  0.040    -0.049  0.032    -0.050  0.028    -0.007  0.025
  1967     5     0.214  0.054    -0.009  0.039    -0.043  0.032    -0.049  0.028    -0.006  0.025
  1967     6     0.001  0.049    -0.009  0.039    -0.035  0.031    -0.049  0.027    -0.005  0.025
  1967     7     0.028  0.057    -0.018  0.038    -0.032  0.031    -0.048  0.027    -0.004  0.025
  1967     8    -0.000  0.059    -0.012  0.038    -0.026  0.031    -0.046  0.027    -0.004  0.025
  1967     9    -0.035  0.054    -0.007  0.038    -0.023  0.031    -0.045  0.027    -0.004  0.025
  1967    10     0.053  0.049    -0.011  0.038    -0.018  0.030    -0.045  0.027    -0.004  0.024
  1967    11    -0.101  0.040    -0.039  0.036    -0.017  0.030    -0.045  0.027    -0.003  0.024
  1967    12    -0.013  0.042    -0.044  0.036    -0.016  0.030    -0.043  0.026    -0.003  0.024
  1968     1    -0.198  0.046    -0.062  0.036    -0.014  0.030    -0.041  0.026    -0.004  0.024
  1968     2    -0.151  0.052    -0.071  0.035    -0.015  0.030    -0.040  0.026    -0.004  0.024
  1968     3     0.111  0.047    -0.087  0.035    -0.010  0.029    -0.036  0.026    -0.004  0.024
  1968     4    -0.042  0.055    -0.084  0.035    -0.009  0.029    -0.033  0.026    -0.003  0.024
  1968     5    -0.117  0.058    -0.083  0.036    -0.009  0.029    -0.030  0.026    -0.003  0.023
  1968     6    -0.067  0.052    -0.086  0.036    -0.011  0.028    -0.029  0.025    -0.002  0.023
  1968     7    -0.179  0.048    -0.072  0.036    -0.009  0.028    -0.029  0.025    -0.002  0.023
  1968     8    -0.116  0.049    -0.069  0.036    -0.012  0.028    -0.030  0.025    -0.002  0.023
  1968     9    -0.223  0.066    -0.080  0.037    -0.015  0.028    -0.032  0.025    -0.001  0.023
  1968    10     0.088  0.050    -0.062  0.036    -0.016  0.027    -0.032  0.025    -0.001  0.023
  1968    11    -0.083  0.046    -0.033  0.036    -0.016  0.027    -0.033  0.024    -0.001  0.023
  1968    12    -0.053  0.051    -0.017  0.036    -0.018  0.027    -0.033  0.024    -0.001  0.022
  1969     1    -0.036  0.055    -0.009  0.035    -0.021  0.027    -0.034  0.024    -0.000  0.022
  1969     2    -0.113  0.044     0.001  0.034    -0.022  0.026    -0.035  0.024    -0.001  0.022
  1969     3    -0.022  0.052     0.023  0.034    -0.023  0.026    -0.034  0.024    -0.001  0.022
  1969     4     0.177  0.046     0.022  0.034    -0.021  0.026    -0.032  0.024    -0.000  0.022
  1969     5     0.235  0.042     0.035  0.034    -0.022  0.026    -0.029  0.023    -0.001  0.022
  1969     6     0.120  0.053     0.064  0.033    -0.024  0.025    -0.029  0.023    -0.000  0.022
  1969     7    -0.080  0.051     0.079  0.032    -0.027  0.025    -0.029  0.023    -0.000  0.021
  1969     8     0.003  0.045     0.102  0.032    -0.026  0.025    -0.025  0.023     0.000  0.021
  1969     9     0.036  0.059     0.106  0.031    -0.027  0.025    -0.022  0.023     0.002  0.021
  1969    10     0.079  0.046     0.097  0.032    -0.027  0.025    -0.020  0.023     0.003  0.021
  1969    11     0.077  0.040     0.078  0.031    -0.030  0.024    -0.019  0.023     0.005  0.021
  1969    12     0.288  0.042     0.065  0.032    -0.029  0.024    -0.017  0.023     0.007  0.021
  1970     1     0.144  0.042     0.069  0.031    -0.030  0.024    -0.017  0.023     0.008  0.020
  1970     2     0.169  0.038     0.061  0.032    -0.027  0.024    -0.014  0.023     0.010  0.020
  1970     3     0.026  0.046     0.065  0.032    -0.026  0.024    -0.011  0.022     0.013  0.020
  1970     4     0.069  0.048     0.061  0.032    -0.027  0.024    -0.009  0.022     0.015  0.020
  1970     5     0.007  0.038     0.049  0.031    -0.025  0.023    -0.007  0.022     0.017  0.020
  1970     6    -0.036  0.060     0.016  0.030    -0.021  0.023    -0.006  0.022     0.018  0.020
  1970     7    -0.028  0.047    -0.001  0.030    -0.013  0.023    -0.005  0.022     0.019  0.020
  1970     8    -0.095  0.048    -0.032  0.031    -0.006  0.023    -0.006  0.022     0.020  0.019
  1970     9     0.087  0.046    -0.053  0.030    -0.005  0.023    -0.004  0.022     0.021  0.019
  1970    10     0.024  0.040    -0.065  0.029     0.001  0.023    -0.005  0.022     0.021  0.019
  1970    11    -0.067  0.043    -0.071  0.030     0.007  0.023    -0.006  0.022     0.023  0.019
  1970    12    -0.110  0.037    -0.078  0.030     0.011  0.022    -0.007  0.022     0.023  0.019
  1971     1    -0.054  0.050    -0.084  0.029     0.015  0.022    -0.006  0.021     0.025  0.019
  1971     2    -0.203  0.057    -0.083  0.028     0.018  0.022    -0.007  0.021     0.026  0.019
  1971     3    -0.229  0.034    -0.094  0.028     0.022  0.022    -0.008  0.021     0.028  0.019
  1971     4    -0.073  0.042    -0.101  0.028     0.022  0.022    -0.008  0.021     0.028  0.019
  1971     5    -0.065  0.043    -0.103  0.028     0.024  0.022    -0.010  0.021     0.029  0.019
  1971     6    -0.123  0.046    -0.103  0.028     0.025  0.022    -0.011  0.021     0.030  0.018
  1971     7    -0.103  0.040    -0.120  0.028     0.023  0.022    -0.012  0.021     0.031  0.018
  1971     8    -0.080  0.052    -0.120  0.027     0.020  0.022    -0.013  0.021     0.033  0.018
  1971     9    -0.046  0.061    -0.102  0.027     0.018  0.022    -0.014  0.021     0.034  0.018
  1971    10    -0.057  0.046    -0.094  0.027     0.014  0.022    -0.014  0.021     0.034  0.018
  1971    11    -0.087  0.039    -0.084  0.027     0.010  0.022    -0.014  0.021     0.035  0.018
  1971    12    -0.119  0.036    -0.070  0.027     0.008  0.022    -0.012  0.021     0.038  0.018
  1972     1    -0.259  0.048    -0.063  0.028     0.009  0.022    -0.009  0.021     0.038  0.018
  1972     2    -0.202  0.041    -0.042  0.028     0.012  0.022    -0.005  0.021     0.038  0.018
  1972     3    -0.006  0.059    -0.037  0.028     0.010  0.022    -0.004  0.021     0.037  0.018
  1972     4     0.018  0.037    -0.030  0.029     0.008  0.022    -0.001  0.021     0.038  0.018
  1972     5     0.058  0.052    -0.023  0.029     0.006  0.022     0.000  0.021     0.039  0.018
  1972     6     0.047  0.053     0.006  0.029    -0.000  0.023     0.003  0.020     0.039  0.018
  1972     7    -0.029  0.047     0.049  0.029    -0.002  0.023     0.005  0.020     0.040  0.018
  1972     8     0.175  0.050     0.088  0.029    -0.002  0.023     0.007  0.020     0.041  0.018
  1972     9     0.020  0.065     0.104  0.029    -0.000  0.022     0.008  0.020     0.042  0.018
  1972    10     0.019  0.067     0.128  0.029     0.000  0.022     0.009  0.020     0.042  0.018
  1972    11    -0.004  0.038     0.146  0.029     0.004  0.022     0.011  0.020     0.043  0.018
  1972    12     0.237  0.034     0.157  0.029     0.005  0.022     0.012  0.020     0.045  0.017
  1973     1     0.250  0.041     0.164  0.029     0.005  0.023     0.015  0.020     0.047  0.017
  1973     2     0.267  0.038     0.154  0.028     0.003  0.023     0.018  0.020     0.048  0.017
  1973     3     0.194  0.038     0.155  0.030     0.001  0.023     0.018  0.020     0.050  0.017
  1973     4     0.306  0.059     0.160  0.029    -0.000  0.023     0.021  0.020     0.052  0.017
  1973     5     0.269  0.042     0.162  0.029    -0.003  0.023     0.023  0.020     0.054  0.017
  1973     6     0.181  0.041     0.143  0.029    -0.003  0.023     0.024  0.020     0.055  0.017
  1973     7     0.058  0.055     0.109  0.029    -0.003  0.023     0.026  0.020     0.056  0.017
  1973     8     0.049  0.067     0.062  0.029    -0.001  0.023     0.026  0.020     0.056  0.017
  1973     9     0.030  0.047     0.036  0.030    -0.001  0.023     0.029  0.020     0.057  0.017
  1973    10     0.084  0.051     0.005  0.032    -0.001  0.023     0.028  0.020     0.057  0.017
  1973    11     0.019  0.038    -0.019  0.033    -0.004  0.023     0.030  0.020     0.058  0.017
  1973    12     0.004  0.032    -0.034  0.033    -0.004  0.023     0.031  0.020     0.059  0.017
  1974     1    -0.153  0.045    -0.043  0.032    -0.004  0.023     0.033  0.020     0.060  0.017
  1974     2    -0.297  0.048    -0.032  0.032    -0.005  0.023     0.034  0.020     0.061  0.017
  1974     3    -0.122  0.047    -0.038  0.034    -0.005  0.024     0.035  0.020     0.064  0.017
  1974     4    -0.062  0.048    -0.049  0.035    -0.007  0.024     0.036  0.021     0.066  0.017
  1974     5    -0.022  0.045    -0.057  0.034    -0.006  0.024     0.035  0.020     0.069  0.017
  1974     6     0.002  0.044    -0.063  0.037    -0.001  0.024     0.035  0.020     0.069  0.017
  1974     7    -0.045  0.042    -0.046  0.038     0.008  0.024     0.035  0.020     0.070  0.017
  1974     8     0.178  0.070    -0.010  0.038     0.016  0.024     0.037  0.020     0.072  0.017
  1974     9    -0.042  0.066     0.013  0.036     0.019  0.024     0.039  0.020     0.074  0.017
  1974    10    -0.043  0.044     0.028  0.034     0.024  0.024     0.040  0.020     0.076  0.017
  1974    11    -0.078  0.039     0.047  0.033     0.030  0.024     0.042  0.020     0.076  0.017
  1974    12    -0.070  0.067     0.050  0.033     0.035  0.024     0.044  0.020     0.077  0.017
  1975     1     0.055  0.046     0.050  0.033     0.039  0.024     0.045  0.020     0.079  0.017
  1975     2     0.134  0.051     0.020  0.034     0.041  0.025     0.048  0.020     0.080  0.017
  1975     3     0.149  0.043     0.020  0.033     0.042  0.025     0.051  0.020     0.081  0.017
  1975     4     0.113  0.054     0.018  0.033     0.044  0.025     0.054  0.020     0.083  0.017
  1975     5     0.213  0.045     0.006  0.033     0.047  0.025     0.057  0.020     0.084  0.017
  1975     6     0.041  0.065     0.003  0.033     0.045  0.025     0.059  0.020     0.085  0.017
  1975     7    -0.044  0.057    -0.005  0.033     0.043  0.025     0.062  0.020     0.085  0.017
  1975     8    -0.191  0.088    -0.024  0.033     0.042  0.025     0.065  0.020     0.087  0.017
  1975     9    -0.035  0.051    -0.056  0.033     0.042  0.025     0.066  0.020     0.088  0.017
  1975    10    -0.070  0.047    -0.070  0.033     0.040  0.025     0.067  0.020     0.089  0.017
  1975    11    -0.224  0.042    -0.108  0.033     0.039  0.025     0.070  0.020     0.089  0.017
  1975    12    -0.106  0.038    -0.126  0.033     0.036  0.025     0.073  0.021     0.090  0.017
  1976     1    -0.034  0.050    -0.127  0.033     0.037  0.025     0.078  0.021     0.092  0.017
  1976     2    -0.101  0.040    -0.123  0.037     0.033  0.025     0.083  0.021     0.094  0.017
  1976     3    -0.233  0.037    -0.123  0.037     0.035  0.025     0.089  0.021     0.095  0.017
  1976     4    -0.056  0.047    -0.133  0.036     0.033  0.025     0.092  0.021     0.096  0.017
  1976     5    -0.248  0.049    -0.117  0.037     0.036  0.025     0.095  0.021     0.098  0.017
  1976     6    -0.170  0.055    -0.095  0.037     0.038  0.025     0.099  0.021     0.098  0.017
  1976     7    -0.054  0.122    -0.066  0.038     0.043  0.025     0.103  0.021     0.098  0.017
  1976     8    -0.147  0.101    -0.037  0.038     0.047  0.025     0.108  0.021     0.099  0.017
  1976     9    -0.030  0.048    -0.002  0.037     0.052  0.025     0.110  0.021     0.100  0.017
  1976    10    -0.195  0.053     0.029  0.036     0.058  0.025     0.111  0.021     0.101  0.017
  1976    11    -0.031  0.045     0.083  0.038     0.059  0.025     0.114  0.021     0.101  0.017
  1976    12     0.162  0.040     0.127  0.037     0.061  0.025     0.119  0.021     0.102  0.017
  1977     1     0.316  0.044     0.151  0.034     0.062  0.025     0.122  0.021     0.104  0.017
  1977     2     0.242  0.037     0.187  0.033     0.062  0.025     0.125  0.021     0.107  0.017
  1977     3     0.192  0.045     0.197  0.033     0.067  0.024     0.125  0.021     0.107  0.017
  1977     4     0.313  0.040     0.223  0.033     0.072  0.024     0.126  0.021     0.109  0.017
  1977     5     0.397  0.075     0.241  0.033     0.078  0.024     0.127  0.021     0.109  0.017
  1977     6     0.362  0.041     0.235  0.033     0.087  0.024     0.128  0.021     0.111  0.017
  1977     7     0.230  0.046     0.220  0.033     0.093  0.024     0.129  0.021     0.112  0.017
  1977     8     0.285  0.052     0.217  0.032     0.098  0.024     0.128  0.021     0.114  0.017
  1977     9     0.087  0.043     0.217  0.032     0.102  0.024     0.129  0.021     0.115  0.017
  1977    10     0.114  0.056     0.210  0.032     0.107  0.024     0.130  0.021     0.117  0.017
  1977    11     0.185  0.037     0.192  0.031     0.110  0.024     0.131  0.021     0.118  0.017
  1977    12     0.095  0.051     0.165  0.031     0.113  0.024     0.132  0.021     0.120  0.017
  1978     1     0.139  0.037     0.153  0.031     0.119  0.024     0.134  0.022     0.123  0.017
  1978     2     0.198  0.040     0.114  0.031     0.127  0.024     0.136  0.022     0.126  0.017
  1978     3     0.193  0.035     0.117  0.031     0.131  0.024     0.137  0.022     0.127  0.017
  1978     4     0.227  0.043     0.108  0.031     0.135  0.024     0.138  0.022     0.129  0.017
  1978     5     0.184  0.040     0.105  0.031     0.143  0.024     0.139  0.022     0.132  0.017
  1978     6     0.035  0.037     0.109  0.031     0.148  0.024     0.139  0.022     0.134  0.017
  1978     7     0.094  0.049     0.112  0.031     0.158  0.024     0.140  0.022     0.136  0.017
  1978     8    -0.179  0.043     0.090  0.030     0.167  0.024     0.143  0.022     0.138  0.017
  1978     9     0.117  0.058     0.090  0.030     0.179  0.024     0.146  0.022     0.141  0.017
  1978    10     0.002  0.044     0.092  0.030     0.185  0.024     0.147  0.022     0.142  0.017
  1978    11     0.153  0.048     0.083  0.029     0.194  0.023     0.148  0.022     0.142  0.017
  1978    12     0.145  0.048     0.089  0.028     0.203  0.023     0.150  0.022     0.144  0.017
  1979     1     0.179  0.041     0.084  0.027     0.210  0.023     0.154  0.022     0.144  0.018
  1979     2    -0.067  0.038     0.113  0.026     0.220  0.022     0.158  0.022     0.146  0.018
  1979     3     0.191  0.046     0.126  0.026     0.224  0.022     0.161  0.022     0.147  0.018
  1979     4     0.243  0.038     0.146  0.026     0.230  0.022     0.163  0.022     0.148  0.018
  1979     5     0.085  0.040     0.155  0.026     0.233  0.022     0.167  0.022     0.148  0.018
  1979     6     0.103  0.042     0.185  0.027     0.239  0.022     0.167  0.021     0.148  0.018
  1979     7     0.035  0.036     0.201  0.027     0.236  0.022     0.168  0.021     0.150  0.018
  1979     8     0.169  0.036     0.246  0.027     0.234  0.022     0.168  0.022     0.151  0.018
  1979     9     0.275  0.037     0.261  0.025     0.231  0.022     0.170  0.022     0.152  0.018
  1979    10     0.243  0.043     0.276  0.025     0.227  0.022     0.171  0.021     0.153  0.018
  1979    11     0.261  0.037     0.302  0.025     0.224  0.022     0.172  0.021     0.154  0.018
  1979    12     0.498  0.034     0.312  0.025     0.220  0.022     0.172  0.022     0.154  0.018
  1980     1     0.379  0.040     0.334  0.026     0.219  0.022     0.174  0.022     0.155  0.018
  1980     2     0.469  0.038     0.343  0.029     0.215  0.022     0.173  0.022     0.156  0.018
  1980     3     0.370  0.040     0.337  0.031     0.216  0.022     0.174  0.021     0.159  0.018
  1980     4     0.425  0.052     0.330  0.034     0.216  0.022     0.174  0.021     0.162  0.018
  1980     5     0.393  0.043     0.330  0.034     0.215  0.022     0.174  0.021     0.164  0.018
  1980     6     0.224  0.063     0.307  0.034     0.220  0.022     0.175  0.021     0.166  0.018
  1980     7     0.306  0.046     0.324  0.034     0.226  0.022     0.175  0.021     0.168  0.018
  1980     8     0.270  0.085     0.320  0.034     0.230  0.022     0.179  0.021     0.170  0.018
  1980     9     0.201  0.047     0.327  0.033     0.233  0.022     0.180  0.021     0.171  0.018
  1980    10     0.159  0.046     0.319  0.031     0.235  0.022     0.182  0.021     0.172  0.019
  1980    11     0.264  0.031     0.310  0.030     0.239  0.022     0.184  0.021     0.174  0.019
  1980    12     0.230  0.034     0.323  0.029     0.242  0.022     0.187  0.021     0.177  0.019
  1981     1     0.576  0.048     0.329  0.028     0.243  0.022     0.189  0.021     0.179  0.019
  1981     2     0.422  0.038     0.342  0.027     0.252  0.022     0.194  0.021     0.182  0.019
  1981     3     0.450  0.043     0.343  0.027     0.257  0.022     0.198  0.021     0.184  0.019
  1981     4     0.330  0.037     0.342  0.028     0.260  0.022     0.201  0.021     0.187  0.019
  1981     5     0.285  0.044     0.336  0.027     0.261  0.022     0.205  0.021     0.189  0.019
  1981     6     0.378  0.056     0.358  0.027     0.263  0.022     0.208  0.021     0.192  0.019
  1981     7     0.382  0.041     0.320  0.028     0.265  0.022     0.209  0.021     0.195  0.019
  1981     8     0.427  0.038     0.298  0.028     0.268  0.022     0.212  0.020     0.197  0.019
  1981     9     0.216  0.060     0.260  0.028     0.270  0.022     0.213  0.020     0.199  0.019
  1981    10     0.142  0.042     0.241  0.029     0.269  0.022     0.216  0.020     0.201  0.019
  1981    11     0.196  0.051     0.235  0.030     0.274  0.022     0.217  0.020     0.202  0.019
  1981    12     0.487  0.040     0.213  0.032     0.274  0.022     0.217  0.020     0.204  0.019
  1982     1     0.130  0.042     0.192  0.033     0.274  0.022     0.217  0.020     0.207  0.019
  1982     2     0.157  0.038     0.163  0.033     0.274  0.022     0.219  0.020     0.210  0.019
  1982     3    -0.011  0.037     0.157  0.033     0.273  0.022     0.219  0.020     0.212  0.019
  1982     4     0.108  0.041     0.155  0.034     0.270  0.022     0.219  0.020     0.213  0.019
  1982     5     0.202  0.045     0.147  0.034     0.266  0.023     0.218  0.020     0.215  0.019
  1982     6     0.116  0.051     0.142  0.034     0.257  0.023     0.218  0.020     0.216  0.019
  1982     7     0.137  0.050     0.172  0.034     0.255  0.023     0.220  0.020     0.216  0.019
  1982     8     0.080  0.048     0.196  0.034     0.248  0.023     0.221  0.020     0.216  0.019
  1982     9     0.137  0.044     0.227  0.034     0.245  0.022     0.223  0.020     0.216  0.019
  1982    10     0.126  0.047     0.248  0.034     0.241  0.022     0.224  0.020     0.216  0.019
  1982    11     0.091  0.066     0.263  0.033     0.238  0.022     0.225  0.020     0.216  0.019
  1982    12     0.431  0.055     0.274  0.033     0.237  0.022     0.228  0.020     0.216  0.019
  1983     1     0.488  0.042     0.277  0.033     0.232  0.022     0.232  0.020     0.217  0.019
  1983     2     0.446  0.043     0.300  0.034     0.231  0.022     0.233  0.020     0.217  0.019
  1983     3     0.368  0.037     0.323  0.034     0.230  0.022     0.236  0.020     0.218  0.019
  1983     4     0.350  0.039     0.326  0.035     0.229  0.022     0.238  0.020     0.218  0.019
  1983     5     0.392  0.045     0.339  0.033     0.226  0.022     0.240  0.020     0.219  0.019
  1983     6     0.241  0.067     0.322  0.034     0.226  0.022     0.244  0.020     0.219  0.019
  1983     7     0.172  0.051     0.306  0.034     0.220  0.022     0.246  0.020     0.220  0.020
  1983     8     0.362  0.047     0.281  0.034     0.220  0.022     0.251  0.020     0.221  0.020
  1983     9     0.408  0.056     0.274  0.033     0.217  0.022     0.253  0.020     0.222  0.020
  1983    10     0.161  0.051     0.260  0.032     0.217  0.022     0.256  0.020     0.222  0.020
  1983    11     0.250  0.051     0.259  0.032     0.217  0.022     0.255  0.020     0.223  0.020
  1983    12     0.230  0.049     0.247  0.033     0.213  0.022     0.256  0.020     0.224  0.020
  1984     1     0.288  0.042     0.237  0.032     0.208  0.022     0.255  0.020     0.226  0.020
  1984     2     0.145  0.046     0.220  0.032     0.204  0.022     0.259  0.020     0.227  0.020
  1984     3     0.290  0.048     0.204  0.032     0.202  0.022     0.260  0.020     0.229  0.020
  1984     4     0.176  0.059     0.200  0.032     0.202  0.022     0.260  0.020     0.232  0.020
  1984     5     0.389  0.038     0.177  0.031     0.200  0.022     0.261  0.020     0.233  0.020
  1984     6     0.099  0.096     0.155  0.031     0.195  0.022     0.261  0.020     0.235  0.020
  1984     7     0.050  0.066     0.155  0.031     0.199  0.022     0.264  0.020     0.236  0.020
  1984     8     0.156  0.052     0.146  0.031     0.203  0.022     0.265  0.020     0.237  0.020
  1984     9     0.218  0.045     0.137  0.031     0.207  0.022     0.266  0.020     0.238  0.020
  1984    10     0.105  0.050     0.137  0.031     0.210  0.022     0.267  0.020     0.240  0.020
  1984    11    -0.020  0.057     0.122  0.031     0.212  0.022     0.265  0.021     0.242  0.020
  1984    12    -0.033  0.039     0.129  0.031     0.217  0.022     0.265  0.021     0.244  0.020
  1985     1     0.286  0.041     0.124  0.031     0.222  0.022     0.265  0.021     0.246  0.020
  1985     2     0.041  0.045     0.128  0.031     0.226  0.022     0.265  0.021     0.249  0.020
  1985     3     0.177  0.041     0.122  0.029     0.229  0.021     0.268  0.021     0.250  0.020
  1985     4     0.173  0.055     0.124  0.030     0.233  0.021     0.270  0.021     0.252  0.020
  1985     5     0.214  0.040     0.131  0.029     0.235  0.021     0.271  0.021     0.253  0.020
  1985     6     0.183  0.044     0.151  0.029     0.236  0.021     0.273  0.021     0.255  0.020
  1985     7    -0.013  0.054     0.147  0.028     0.237  0.021     0.274  0.021     0.257  0.020
  1985     8     0.202  0.053     0.179  0.028     0.237  0.021     0.275  0.020     0.260  0.020
  1985     9     0.145  0.039     0.186  0.028     0.238  0.021     0.276  0.021     0.262  0.020
  1985    10     0.131  0.046     0.199  0.028     0.241  0.021     0.278  0.021     0.265  0.020
  1985    11     0.062  0.048     0.205  0.028     0.242  0.021     0.279  0.021     0.268  0.020
  1985    12     0.211  0.053     0.200  0.028     0.246  0.021     0.281  0.021     0.269  0.020
  1986     1     0.238  0.038     0.210  0.029     0.248  0.021     0.279  0.021     0.271  0.020
  1986     2     0.428  0.037     0.209  0.030     0.249  0.021     0.280  0.021     0.274  0.020
  1986     3     0.263  0.040     0.205  0.029     0.249  0.021     0.280  0.021     0.277  0.020
  1986     4     0.328  0.040     0.207  0.029     0.251  0.021     0.282  0.021     0.279  0.020
  1986     5     0.286  0.045     0.208  0.028     0.248  0.021     0.283  0.021     0.281  0.020
  1986     6     0.121  0.037     0.206  0.028     0.249  0.021     0.285  0.021     0.283  0.020
  1986     7     0.106  0.036     0.215  0.028     0.246  0.021     0.286  0.021     0.285  0.020
  1986     8     0.185  0.036     0.213  0.029     0.249  0.021     0.286  0.021     0.288  0.020
  1986     9     0.097  0.055     0.210  0.028     0.249  0.021     0.288  0.021     0.289  0.020
  1986    10     0.159  0.040     0.208  0.028     0.252  0.021     0.290  0.021     0.291  0.020
  1986    11     0.080  0.037     0.211  0.028     0.248  0.021     0.291  0.021     0.293  0.020
  1986    12     0.184  0.035     0.233  0.028     0.249  0.021     0.290  0.021     0.294  0.020
  1987     1     0.348  0.037     0.261  0.027     0.254  0.021     0.293  0.021     0.294  0.020
  1987     2     0.402  0.042     0.273  0.027     0.257  0.021     0.295  0.021     0.295  0.020
  1987     3     0.223  0.035     0.294  0.027     0.259  0.021     0.299  0.021     0.296  0.020
  1987     4     0.300  0.040     0.307  0.027     0.263  0.021     0.301  0.021     0.297  0.020
  1987     5     0.326  0.039     0.317  0.027     0.265  0.021     0.302  0.021     0.297  0.020
  1987     6     0.389  0.038     0.345  0.028     0.273  0.021     0.304  0.021     0.298  0.020
  1987     7     0.441  0.045     0.362  0.029     0.276  0.021     0.304  0.021     0.299  0.020
  1987     8     0.325  0.036     0.365  0.028     0.281  0.021     0.304  0.021     0.300  0.020
  1987     9     0.350  0.046     0.385  0.029     0.291  0.021     0.303  0.021     0.302  0.020
  1987    10     0.322  0.041     0.402  0.029     0.299  0.021     0.302  0.021     0.304  0.020
  1987    11     0.201  0.037     0.413  0.030     0.304  0.022     0.301  0.021     0.306  0.020
  1987    12     0.513  0.048     0.418  0.030     0.308  0.022     0.300  0.021     0.309  0.020
  1988     1     0.559  0.045     0.409  0.029     0.316  0.022     0.299  0.021     0.311  0.020
  1988     2     0.431  0.034     0.417  0.030     0.319  0.022     0.299  0.021     0.314  0.020
  1988     3     0.465  0.036     0.420  0.030     0.321  0.022     0.299  0.021     0.316  0.019
  1988     4     0.507  0.034     0.420  0.031     0.326  0.022     0.299  0.021     0.318  0.019
  1988     5     0.456  0.044     0.407  0.032     0.332  0.023     0.299  0.021     0.321  0.020
  1988     6     0.447  0.045     0.389  0.032     0.335  0.023     0.300  0.021     0.324  0.020
  1988     7     0.333  0.046     0.349  0.032     0.339  0.023     0.300  0.021     0.327  0.020
  1988     8     0.415  0.076     0.343  0.032     0.341  0.023     0.299  0.021     0.330  0.020
  1988     9     0.389  0.041     0.329  0.032     0.343  0.023     0.297  0.021     0.332  0.020
  1988    10     0.318  0.052     0.315  0.033     0.347  0.023     0.298  0.021     0.334  0.020
  1988    11     0.055  0.056     0.288  0.032     0.350  0.023     0.297  0.021     0.335  0.020
  1988    12     0.293  0.040     0.264  0.032     0.357  0.023     0.297  0.021     0.338  0.020
  1989     1     0.075  0.046     0.264  0.031     0.364  0.023     0.297  0.021     0.339  0.020
  1989     2     0.357  0.036     0.257  0.031     0.368  0.023     0.297  0.021     0.342  0.020
  1989     3     0.302  0.037     0.254  0.032     0.374  0.023     0.298  0.021     0.343  0.020
  1989     4     0.341  0.039     0.255  0.034     0.377  0.023     0.300  0.021     0.344  0.020
  1989     5     0.131  0.038     0.262  0.034     0.381  0.023     0.300  0.021     0.345  0.020
  1989     6     0.159  0.049     0.275  0.035     0.384  0.023     0.303  0.021     0.346  0.020
  1989     7     0.331  0.070     0.304  0.036     0.387  0.023     0.305  0.021     0.348  0.020
  1989     8     0.338  0.100     0.307  0.036     0.388  0.023     0.306  0.021     0.348  0.020
  1989     9     0.349  0.060     0.344  0.035     0.392  0.023     0.307  0.021     0.349  0.020
  1989    10     0.331  0.068     0.370  0.036     0.392  0.023     0.309  0.021     0.350  0.020
  1989    11     0.137  0.053     0.405  0.036     0.393  0.023     0.313  0.021     0.350  0.020
  1989    12     0.451  0.037     0.426  0.038     0.391  0.023     0.317  0.021     0.350  0.020
  1990     1     0.422  0.042     0.437  0.036     0.386  0.023     0.319  0.021     0.350  0.020
  1990     2     0.396  0.033     0.438  0.035     0.382  0.024     0.325  0.021     0.351  0.020
  1990     3     0.740  0.040     0.435  0.038     0.376  0.024     0.327  0.021     0.351  0.020
  1990     4     0.652  0.056     0.443  0.036     0.371  0.024     0.331  0.021     0.352  0.020
  1990     5     0.554  0.053     0.464  0.034     0.368  0.024     0.332  0.021     0.353  0.020
  1990     6     0.409  0.065     0.462  0.035     0.364  0.024     0.335  0.021     0.353  0.020
  1990     7     0.466  0.051     0.464  0.035     0.361  0.024     0.339  0.021     0.354  0.020
  1990     8     0.347  0.044     0.475  0.035     0.361  0.024     0.342  0.021     0.355  0.020
  1990     9     0.309  0.085     0.445  0.034     0.360  0.024     0.344  0.021     0.356  0.020
  1990    10     0.436  0.045     0.441  0.033     0.357  0.024     0.348  0.021     0.356  0.020
  1990    11     0.387  0.060     0.432  0.033     0.356  0.024     0.351  0.021     0.357  0.020
  1990    12     0.428  0.044     0.444  0.031     0.353  0.024     0.352  0.021     0.357  0.020
  1991     1     0.443  0.039     0.448  0.031     0.353  0.024     0.353  0.021     0.357  0.020
  1991     2     0.526  0.039     0.457  0.031     0.349  0.024     0.354  0.021     0.357  0.020
  1991     3     0.385  0.033     0.469  0.030     0.346  0.024     0.356  0.021     0.358  0.020
  1991     4     0.603  0.040     0.461  0.030     0.345  0.024     0.357  0.021     0.359  0.020
  1991     5     0.451  0.053     0.453  0.029     0.346  0.024     0.357  0.021     0.360  0.020
  1991     6     0.550  0.039     0.450  0.029     0.345  0.024     0.358  0.021     0.361  0.020
  1991     7     0.516  0.048     0.455  0.029     0.349  0.024     0.361  0.021     0.362  0.020
  1991     8     0.450  0.045     0.448  0.029     0.345  0.024     0.363  0.021     0.362  0.020
  1991     9     0.449  0.048     0.455  0.029     0.346  0.024     0.365  0.021     0.364  0.020
  1991    10     0.345  0.044     0.434  0.029     0.348  0.024     0.365  0.021     0.365  0.020
  1991    11     0.294  0.047     0.425  0.030     0.352  0.024     0.368  0.021     0.367  0.020
  1991    12     0.391  0.043     0.403  0.030     0.357  0.024     0.371  0.021     0.368  0.020
  1992     1     0.500  0.041     0.371  0.030     0.356  0.023     0.371  0.021     0.371  0.020
  1992     2     0.448  0.041     0.343  0.030     0.354  0.023     0.371  0.021     0.373  0.020
  1992     3     0.467  0.051     0.302  0.031     0.354  0.023     0.374  0.021     0.377  0.020
  1992     4     0.344  0.043     0.277  0.033     0.356  0.023     0.375  0.021     0.379  0.020
  1992     5     0.344  0.073     0.253  0.032     0.361  0.023     0.376  0.021     0.382  0.020
  1992     6     0.288  0.047     0.241  0.032     0.360  0.023     0.378  0.021     0.383  0.020
  1992     7     0.126  0.048     0.233  0.033     0.362  0.023     0.378  0.021     0.385  0.020
  1992     8     0.113  0.062     0.232  0.033     0.368  0.023     0.379  0.021     0.387  0.020
  1992     9    -0.032  0.063     0.225  0.034     0.364  0.023     0.381  0.021     0.390  0.020
  1992    10     0.044  0.063     0.227  0.034     0.362  0.023     0.384  0.021     0.392  0.020
  1992    11    -0.001  0.041     0.228  0.033     0.360  0.023     0.388  0.021     0.394  0.020
  1992    12     0.255  0.064     0.230  0.033     0.361  0.023     0.390  0.021     0.394  0.020
  1993     1     0.404  0.062     0.243  0.033     0.363  0.023     0.390  0.021     0.396  0.020
  1993     2     0.432  0.043     0.251  0.032     0.366  0.023     0.394  0.021     0.396  0.020
  1993     3     0.384  0.034     0.270  0.032     0.367  0.023     0.396  0.021     0.397  0.020
  1993     4     0.370  0.038     0.290  0.032     0.369  0.022     0.398  0.021     0.399  0.020
  1993     5     0.358  0.052     0.300  0.032     0.370  0.022     0.401  0.021     0.400  0.020
  1993     6     0.312  0.041     0.298  0.032     0.368  0.022     0.404  0.021     0.401  0.020
  1993     7     0.281  0.050     0.290  0.032     0.366  0.022     0.407  0.021     0.402  0.020
  1993     8     0.205  0.057     0.263  0.032     0.367  0.022     0.410  0.021     0.404  0.020
  1993     9     0.200  0.045     0.262  0.032     0.369  0.022     0.411  0.021     0.405  0.020
  1993    10     0.284  0.046     0.269  0.032     0.366  0.022     0.412  0.021     0.407  0.020
  1993    11     0.111  0.046     0.269  0.032     0.364  0.022     0.416  0.021     0.408  0.020
  1993    12     0.237  0.036     0.280  0.032     0.360  0.022     0.419  0.021     0.411  0.020
  1994     1     0.302  0.040     0.281  0.033     0.357  0.022     0.423  0.021     0.412  0.020
  1994     2     0.109  0.040     0.284  0.033     0.358  0.022     0.425  0.021     0.415  0.020
  1994     3     0.371  0.039     0.296  0.032     0.356  0.022     0.426  0.021     0.416  0.020
  1994     4     0.454  0.045     0.309  0.032     0.353  0.022     0.427  0.021     0.418  0.020
  1994     5     0.361  0.044     0.334  0.032     0.356  0.022     0.429  0.021     0.419  0.020
  1994     6     0.444  0.045     0.347  0.032     0.357  0.023     0.431  0.021     0.420  0.020
  1994     7     0.292  0.058     0.366  0.032     0.355  0.023     0.431  0.021     0.421  0.020
  1994     8     0.244  0.051     0.422  0.032     0.354  0.023     0.432  0.021     0.422  0.020
  1994     9     0.338  0.041     0.431  0.032     0.356  0.023     0.433  0.021     0.424  0.020
  1994    10     0.443  0.039     0.442  0.032     0.359  0.023     0.433  0.021     0.426  0.020
  1994    11     0.417  0.038     0.444  0.031     0.360  0.023     0.435  0.021     0.429  0.020
  1994    12     0.391  0.038     0.449  0.030     0.366  0.023     0.436  0.021     0.431  0.020
  1995     1     0.529  0.040     0.470  0.030     0.370  0.023     0.435  0.021     0.433  0.020
  1995     2     0.776  0.039     0.494  0.029     0.376  0.023     0.436  0.021     0.436  0.020
  1995     3     0.479  0.035     0.500  0.030     0.386  0.023     0.435  0.021     0.439  0.020
  1995     4     0.585  0.037     0.505  0.029     0.397  0.023     0.435  0.021     0.441  0.020
  1995     5     0.388  0.051     0.508  0.030     0.409  0.023     0.434  0.021     0.443  0.020
  1995     6     0.507  0.040     0.504  0.030     0.415  0.023     0.434  0.021     0.445  0.020
  1995     7     0.539  0.053     0.488  0.030     0.420  0.023     0.434  0.021     0.448  0.020
  1995     8     0.540  0.049     0.472  0.030     0.427  0.023     0.435  0.021     0.450  0.020
  1995     9     0.406  0.047     0.470  0.030     0.432  0.023     0.436  0.021     0.452  0.020
  1995    10     0.507  0.042     0.460  0.030     0.440  0.023     0.435  0.021     0.455  0.020
  1995    11     0.455  0.063     0.455  0.030     0.446  0.023     0.434  0.021     0.458  0.020
  1995    12     0.340  0.038     0.436  0.029     0.454  0.023     0.434  0.021     0.460  0.020
  1996     1     0.335  0.038     0.421  0.029     0.462  0.023     0.434  0.021     0.462  0.020
  1996     2     0.586  0.035     0.420  0.029     0.471  0.023     0.434  0.021     0.464  0.020
  1996     3     0.450  0.039     0.411  0.028     0.476  0.023     0.436  0.021     0.465  0.020
  1996     4     0.463  0.033     0.386  0.028     0.479  0.023     0.436  0.021     0.467  0.020
  1996     5     0.328  0.041     0.382  0.028     0.486  0.023     0.437  0.021     0.468  0.020
  1996     6     0.281  0.032     0.394  0.028     0.493  0.023     0.437  0.021     0.470  0.020
  1996     7     0.366  0.048     0.397  0.028     0.496  0.023     0.438  0.021     0.472  0.020
  1996     8     0.528  0.041     0.384  0.028     0.506  0.023     0.438  0.021     0.474  0.020
  1996     9     0.292  0.039     0.392  0.028     0.506  0.023     0.439  0.021     0.476  0.020
  1996    10     0.202  0.046     0.396  0.029     0.505  0.023     0.440  0.021     0.479  0.020
  1996    11     0.418  0.038     0.406  0.029     0.505  0.023     0.444  0.021     0.481  0.020
  1996    12     0.476  0.036     0.434  0.029     0.505  0.023     0.446  0.021     0.484  0.020
  1997     1     0.370  0.033     0.437  0.029     0.507  0.023     0.448  0.021     0.487  0.020
  1997     2     0.428  0.040     0.432  0.029     0.509  0.023     0.451  0.021     0.488  0.020
  1997     3     0.557  0.034     0.455  0.029     0.511  0.023     0.455  0.021     0.490  0.020
  1997     4     0.501  0.046     0.496  0.029     0.510  0.023     0.458  0.021     0.493  0.020
  1997     5     0.448  0.041     0.519  0.030     0.510  0.023     0.461  0.021     0.494  0.020
  1997     6     0.622  0.039     0.534  0.030     0.511  0.023     0.463  0.021     0.495  0.020
  1997     7     0.405  0.043     0.558  0.029     0.508  0.023     0.467  0.021     0.496  0.020
  1997     8     0.459  0.041     0.596  0.029     0.505  0.023     0.471  0.021     0.497  0.020
  1997     9     0.570  0.056     0.607  0.029     0.506  0.023     0.477  0.021     0.498  0.020
  1997    10     0.694  0.041     0.632  0.030     0.507  0.023     0.481  0.021     0.500  0.020
  1997    11     0.697  0.059     0.659  0.030     0.508  0.023     0.486  0.021     0.501  0.020
  1997    12     0.658  0.040     0.674  0.030     0.507  0.023     0.489  0.021     0.501  0.020
  1998     1     0.655  0.041     0.700  0.030     0.505  0.023     0.492  0.021     0.500  0.020
  1998     2     0.886  0.041     0.726  0.030     0.504  0.023     0.494  0.021     0.500  0.020
  1998     3     0.684  0.039     0.720  0.030     0.505  0.023     0.496  0.021     0.501  0.020
  1998     4     0.808  0.039     0.702  0.030     0.501  0.022     0.498  0.021     0.501  0.020
  1998     5     0.774  0.044     0.684  0.030     0.499  0.022     0.500  0.021     0.502  0.020
  1998     6     0.793  0.039     0.684  0.031     0.499  0.022     0.502  0.021     0.502  0.020
  1998     7     0.727  0.045     0.671  0.030     0.502  0.022     0.504  0.021     0.503  0.020
  1998     8     0.761  0.051     0.655  0.030     0.500  0.022     0.508  0.021     0.504  0.020
  1998     9     0.501  0.041     0.630  0.031     0.503  0.022     0.512  0.021     0.505  0.020
  1998    10     0.483  0.047     0.598  0.031     0.506  0.022     0.516  0.021     0.506  0.020
  1998    11     0.475  0.042     0.563  0.031     0.510  0.022     0.520  0.021     0.509  0.020
  1998    12     0.656  0.040     0.533  0.031     0.515  0.022     0.524  0.021     0.510  0.020
  1999     1     0.504  0.037     0.506  0.031     0.519  0.023     0.527  0.021     0.513  0.020
  1999     2     0.692  0.038     0.473  0.031     0.518  0.023     0.532  0.021     0.514  0.020
  1999     3     0.387  0.037     0.470  0.031     0.522  0.023     0.535  0.021     0.515  0.020
  1999     4     0.419  0.045     0.463  0.030     0.527  0.023     0.537  0.021     0.516  0.020
  1999     5     0.351  0.040     0.455  0.030     0.532  0.023     0.537  0.021     0.518  0.020
  1999     6     0.442  0.044     0.441  0.029     0.535  0.023     0.537  0.021     0.521  0.020
  1999     7     0.396  0.042     0.426  0.029     0.542  0.023     0.537  0.021     0.523  0.020
  1999     8     0.371  0.043     0.418  0.029     0.547  0.023     0.539  0.021     0.524  0.020
  1999     9     0.468  0.040     0.433  0.029     0.554  0.023     0.541  0.021     0.526  0.020
  1999    10     0.391  0.050     0.452  0.029     0.557  0.023     0.542  0.021     0.527  0.020
  1999    11     0.383  0.041     0.458  0.029     0.561  0.023     0.545  0.021     0.530  0.020
  1999    12     0.484  0.045     0.459  0.029     0.560  0.023     0.546  0.021     0.532  0.020
  2000     1     0.332  0.036     0.458  0.029     0.563  0.023     0.548  0.021     0.533  0.020
  2000     2     0.595  0.038     0.468  0.029     0.565  0.023     0.547  0.021     0.535  0.020
  2000     3     0.569  0.035     0.468  0.029     0.567  0.023     0.550  0.021     0.536  0.020
  2000     4     0.645  0.038     0.458  0.029     0.566  0.023     0.552  0.021     0.538  0.020
  2000     5     0.421  0.041     0.454  0.029     0.564  0.023     0.554  0.021     0.539  0.020
  2000     6     0.450  0.045     0.442  0.029     0.562  0.023     0.556  0.021     0.540  0.020
  2000     7     0.389  0.041     0.457  0.029     0.565  0.023     0.556  0.021     0.540  0.020
  2000     8     0.489  0.042     0.450  0.028     0.560  0.022     0.557  0.021     0.542  0.020
  2000     9     0.462  0.040     0.453  0.028     0.559  0.022     0.560  0.021     0.544  0.020
  2000    10     0.275  0.041     0.450  0.028     0.556  0.022     0.563  0.021     0.545  0.020
  2000    11     0.331  0.049     0.466  0.029     0.554  0.022     0.565  0.021     0.546  0.020
  2000    12     0.349  0.041     0.476  0.029     0.549  0.022     0.569  0.021     0.547  0.020
  2001     1     0.513  0.041     0.492  0.029     0.547  0.022     0.571  0.021     0.548  0.020
  2001     2     0.501  0.035     0.492  0.029     0.545  0.022     0.573  0.021     0.548  0.020
  2001     3     0.608  0.033     0.499  0.029     0.548  0.022     0.575  0.021     0.549  0.020
  2001     4     0.616  0.037     0.518  0.028     0.553  0.022     0.577  0.021     0.550  0.020
  2001     5     0.609  0.053     0.550  0.029     0.554  0.022     0.579  0.021     0.550  0.020
  2001     6     0.566  0.043     0.576  0.029     0.556  0.022     0.582  0.021     0.551  0.020
  2001     7     0.579  0.038     0.598  0.029     0.558  0.022     0.583  0.021     0.552  0.020
  2001     8     0.489  0.043     0.617  0.030     0.559  0.022     0.585  0.021     0.554  0.020
  2001     9     0.554  0.041     0.645  0.030     0.563  0.022     0.588  0.021     0.554  0.020
  2001    10     0.506  0.044     0.651  0.030     0.568  0.022     0.592  0.021     0.555  0.020
  2001    11     0.703  0.051     0.658  0.030     0.569  0.022     0.594  0.021     0.557  0.020
  2001    12     0.671  0.041     0.659  0.029     0.569  0.022     0.597  0.021     0.558  0.020
  2002     1     0.772  0.043     0.661  0.029     0.567  0.022     0.602  0.021     0.558  0.020
  2002     2     0.730  0.045     0.668  0.029     0.569  0.022     0.605  0.021     0.558  0.020
  2002     3     0.941  0.036     0.679  0.029     0.570  0.022     0.606  0.021     0.558  0.020
  2002     4     0.692  0.037     0.688  0.030     0.574  0.022     0.610  0.021     0.560  0.020
  2002     5     0.698  0.043     0.677  0.029     0.580  0.022     0.612  0.021     0.562  0.020
  2002     6     0.575  0.046     0.669  0.029     0.581  0.022     0.612  0.021     0.564  0.020
  2002     7     0.602  0.045     0.672  0.028     0.588  0.022     0.614  0.021     0.565  0.020
  2002     8     0.571  0.041     0.662  0.027     0.590  0.022     0.615  0.021     0.568  0.020
  2002     9     0.687  0.040     0.633  0.027     0.593  0.022     0.616  0.021     0.571  0.020
  2002    10     0.611  0.045     0.629  0.028     0.596  0.022     0.615  0.021     0.575  0.021
  2002    11     0.576  0.048     0.627  0.028     0.600  0.022     0.614  0.021     0.578  0.021
  2002    12     0.572  0.040     0.620  0.028     0.605  0.022     0.613  0.021     0.580  0.021
  2003     1     0.804  0.049     0.617  0.028     0.608  0.022     0.610  0.021     0.581  0.021
  2003     2     0.614  0.044     0.625  0.027     0.611  0.022     0.606  0.021     0.582  0.021
  2003     3     0.595  0.035     0.626  0.027     0.616  0.022     0.606  0.021     0.583  0.021
  2003     4     0.640  0.039     0.636  0.027     0.625  0.022     0.604  0.021     0.584  0.021
  2003     5     0.671  0.041     0.633  0.027     0.631  0.022     0.603  0.021     0.585  0.021
  2003     6     0.498  0.040     0.651  0.027     0.638  0.022     0.600  0.021     0.587  0.021
  2003     7     0.567  0.042     0.638  0.027     0.640  0.022     0.599  0.021     0.588  0.021
  2003     8     0.665  0.036     0.648  0.027     0.646  0.022     0.597  0.021     0.590  0.021
  2003     9     0.692  0.045     0.652  0.027     0.647  0.022     0.599  0.021     0.593  0.021
  2003    10     0.742  0.037     0.657  0.027     0.648  0.022     0.600  0.021     0.595  0.021
  2003    11     0.532  0.050     0.638  0.027     0.647  0.022     0.602  0.021     0.598  0.021
  2003    12     0.791  0.034     0.633  0.027     0.649  0.022     0.602  0.021     0.600  0.021
  2004     1     0.651  0.050     0.608  0.027     0.647  0.022     0.603  0.021     0.602  0.021
  2004     2     0.736  0.040     0.592  0.027     0.651  0.022     0.602  0.021     0.604  0.021
  2004     3     0.638  0.036     0.580  0.027     0.653  0.022     0.604  0.021     0.605  0.021
  2004     4     0.706  0.045     0.571  0.027     0.656  0.022     0.606  0.021     0.607  0.021
  2004     5     0.437  0.037     0.585  0.026     0.656  0.022     0.608  0.021     0.609  0.021
  2004     6     0.445  0.036     0.565  0.027     0.659  0.022     0.610  0.021     0.610  0.021
  2004     7     0.257  0.036     0.576  0.027     0.663  0.022     0.614  0.021     0.612  0.021
  2004     8     0.476  0.043     0.573  0.026     0.663  0.022     0.617  0.021     0.614  0.021
  2004     9     0.550  0.043     0.585  0.027     0.659  0.022     0.619  0.021     0.617  0.021
  2004    10     0.631  0.036     0.590  0.027     0.662  0.022     0.622  0.021     0.618  0.021
  2004    11     0.697  0.043     0.613  0.027     0.663  0.022     0.625  0.021     0.619  0.021
  2004    12     0.552  0.044     0.634  0.027     0.664  0.022     0.628  0.021     0.621  0.021
  2005     1     0.792  0.043     0.664  0.027     0.664  0.022     0.632  0.021     0.622  0.021
  2005     2     0.690  0.054     0.678  0.028     0.666  0.022     0.634  0.021     0.623  0.021
  2005     3     0.785  0.041     0.695  0.028     0.664  0.022     0.637  0.021     0.625  0.021
  2005     4     0.767  0.042     0.711  0.028     0.665  0.022     0.640  0.021     0.626  0.021
  2005     5     0.709  0.039     0.713  0.028     0.665  0.022     0.643  0.021     0.628  0.021
  2005     6     0.704  0.049     0.731  0.029     0.664  0.022     0.646  0.021     0.629  0.021
  2005     7     0.614  0.039     0.718  0.029     0.656  0.022     0.647  0.021     0.630  0.021
  2005     8     0.647  0.034     0.730  0.029     0.652  0.022     0.649  0.021     0.631  0.021
  2005     9     0.750  0.046     0.723  0.028     0.653  0.022     0.651  0.021     0.633  0.021
  2005    10     0.820  0.047     0.711  0.028     0.653  0.022     0.655  0.021     0.636  0.021
  2005    11     0.722  0.045     0.699  0.028     0.651  0.022     0.659  0.021     0.638  0.021
  2005    12     0.769  0.046     0.697  0.027     0.652  0.022     0.660  0.021     0.642  0.021
  2006     1     0.643  0.046     0.685  0.027     0.652  0.022     0.661  0.021     0.645  0.021
  2006     2     0.830  0.032     0.694  0.027     0.649  0.022     0.662  0.021     0.649  0.021
  2006     3     0.700  0.036     0.686  0.028     0.649  0.022     0.663  0.021     0.652  0.021
  2006     4     0.619  0.054     0.676  0.028     0.648  0.022     0.663  0.021     0.655  0.021
  2006     5     0.568  0.042     0.674  0.028     0.651  0.022     0.663  0.021     0.658  0.021
  2006     6     0.682  0.041     0.680  0.028     0.647  0.022     0.664  0.021     0.660  0.021
  2006     7     0.476  0.035     0.709  0.028     0.648  0.022     0.666  0.021     0.662  0.021
  2006     8     0.753  0.041     0.704  0.028     0.646  0.022     0.669  0.021     0.665  0.021
  2006     9     0.648  0.041     0.704  0.027     0.644  0.022     0.669  0.021     0.667  0.021
  2006    10     0.704  0.045     0.726  0.026     0.643  0.022     0.670  0.021     0.670  0.021
  2006    11     0.700  0.042     0.738  0.026     0.647  0.022     0.669  0.021     0.673  0.021
  2006    12     0.839  0.037     0.734  0.026     0.651  0.022     0.669  0.021     0.675  0.021
  2007     1     0.989  0.035     0.748  0.026     0.660  0.022     0.667  0.021     0.678  0.021
  2007     2     0.769  0.035     0.739  0.026     0.665  0.022     0.665  0.021     0.681  0.021
  2007     3     0.699  0.035     0.736  0.026     0.668  0.022     0.661  0.021     0.683  0.021
  2007     4     0.881  0.039     0.730  0.026     0.669  0.022     0.662  0.021     0.686  0.021
  2007     5     0.722  0.040     0.721  0.026     0.671  0.022     0.663  0.021     0.688  0.021
  2007     6     0.623  0.044     0.694  0.026     0.674  0.022     0.664  0.021     0.688  0.021
  2007     7     0.649  0.043     0.637  0.026     0.675  0.022     0.664  0.021     0.690  0.021
  2007     8     0.645  0.033     0.604  0.026     0.679  0.022     0.665  0.021     0.692  0.021
  2007     9     0.615  0.037     0.603  0.027     0.681  0.022     0.666  0.021     0.693  0.021
  2007    10     0.636  0.044     0.580  0.027     0.685  0.022     0.668  0.021     0.694  0.021
  2007    11     0.589  0.054     0.568  0.027     0.687  0.022     0.670  0.021     0.694  0.021
  2007    12     0.514  0.045     0.560  0.026     0.687  0.022     0.670  0.021     0.696  0.021
  2008     1     0.309  0.053     0.554  0.026     0.687  0.022     0.670  0.021     0.697  0.021
  2008     2     0.369  0.033     0.541  0.026     0.687  0.022     0.670  0.021     0.697  0.021
  2008     3     0.689  0.032     0.547  0.025     0.686  0.022     0.670  0.021     0.698  0.021
  2008     4     0.604  0.048     0.553  0.025     0.685  0.022     0.670  0.021     0.698  0.021
  2008     5     0.577  0.042     0.560  0.025     0.686  0.022     0.671  0.021     0.699  0.021
  2008     6     0.520  0.054     0.566  0.025     0.683  0.022     0.672  0.021     0.699  0.021
  2008     7     0.583  0.035     0.600  0.025     0.682  0.022     0.672  0.021     0.699  0.021
  2008     8     0.492  0.033     0.618  0.026     0.678  0.022     0.673  0.021     0.699  0.021
  2008     9     0.683  0.043     0.604  0.025     0.678  0.022     0.674  0.021     0.701  0.021
  2008    10     0.711  0.041     0.609  0.025     0.679  0.022     0.673  0.021     0.703  0.021
  2008    11     0.665  0.048     0.617  0.025     0.680  0.022     0.676  0.021     0.704  0.021
  2008    12     0.591  0.043     0.632  0.025     0.680  0.022     0.675  0.021     0.706  0.021
  2009     1     0.710  0.040     0.649  0.025     0.685  0.022     0.676  0.021     0.707  0.021
  2009     2     0.592  0.040     0.670  0.025     0.686  0.022     0.675  0.021     0.709  0.021
  2009     3     0.524  0.034     0.675  0.026     0.685  0.022     0.676  0.021     0.712  0.021
  2009     4     0.659  0.051     0.676  0.026     0.685  0.021     0.678  0.021     0.715  0.021
  2009     5     0.674  0.051     0.685  0.025     0.682  0.021     0.681  0.022     0.717  0.021
  2009     6     0.701  0.040     0.701  0.025     0.679  0.021     0.683  0.022     0.719  0.021
  2009     7     0.785  0.036     0.711  0.025     0.670  0.021     0.686  0.022     0.722  0.021
  2009     8     0.745  0.036     0.737  0.025     0.667  0.022     0.690  0.022     0.724  0.021
  2009     9     0.745  0.041     0.771  0.025     0.664  0.022     0.693  0.022     0.726  0.021
  2009    10     0.719  0.044     0.799  0.025     0.662  0.022     0.695  0.022     0.729  0.021
  2009    11     0.779  0.046     0.811  0.025     0.664  0.022     0.694  0.022     0.732  0.021
  2009    12     0.778  0.046     0.811  0.025     0.665  0.022     0.696  0.022     0.735  0.021
  2010     1     0.827  0.044     0.796  0.025     0.664  0.022     0.697  0.022     0.738  0.021
  2010     2     0.914  0.039     0.793  0.025     0.665  0.022     0.698  0.022     0.741  0.021
  2010     3     0.930  0.042     0.787  0.025     0.668  0.022     0.699  0.022     0.743  0.021
  2010     4     0.988  0.039     0.790  0.025     0.672  0.022     0.700  0.022     0.746  0.021
  2010     5     0.819  0.045     0.789  0.026     0.675  0.022     0.701  0.022     0.748  0.021
  2010     6     0.698  0.031     0.771  0.025     0.677  0.022     0.702  0.022     0.750  0.021
  2010     7     0.612  0.048     0.753  0.025     0.684  0.022     0.704  0.021     0.753  0.021
  2010     8     0.701  0.034     0.725  0.025     0.688  0.022     0.705  0.022     0.754  0.021
  2010     9     0.684  0.044     0.706  0.025     0.688  0.022     0.707  0.022     0.757  0.021
  2010    10     0.746  0.056     0.684  0.025     0.688  0.022     0.709  0.022     0.759  0.021
  2010    11     0.771  0.057     0.665  0.026     0.690  0.022     0.711  0.022     0.763  0.021
  2010    12     0.566  0.044     0.664  0.026     0.693  0.022     0.715  0.021     0.765  0.021
  2011     1     0.609  0.037     0.678  0.026     0.693  0.022     0.720  0.021     0.766  0.021
  2011     2     0.576  0.034     0.688  0.026     0.697  0.022     0.724  0.021     0.767  0.021
  2011     3     0.699  0.035     0.680  0.026     0.698  0.022     0.729  0.021     0.768  0.021
  2011     4     0.722  0.034     0.674  0.026     0.698  0.022     0.734  0.022     0.769  0.021
  2011     5     0.592  0.044     0.656  0.026     0.701  0.022     0.738  0.022     0.770  0.021
  2011     6     0.684  0.040     0.662  0.026     0.703  0.022     0.739  0.021     0.771  0.021
  2011     7     0.787  0.036     0.651  0.026     0.705  0.022     0.742  0.021     0.773  0.021
  2011     8     0.815  0.044     0.648  0.027     0.704  0.022     0.744  0.021     0.775  0.021
  2011     9     0.599  0.043     0.633  0.027     0.709  0.022     0.747  0.021     0.776  0.021
  2011    10     0.663  0.053     0.638  0.027     0.712  0.022     0.749  0.021     0.779  0.021
  2011    11     0.561  0.051     0.657  0.027     0.716  0.022     0.751  0.021     0.780  0.021
  2011    12     0.641  0.049     0.658  0.028     0.716  0.023     0.752  0.021     0.780  0.021
  2012     1     0.477  0.044     0.641  0.028     0.712  0.023     0.753  0.021     0.781  0.021
  2012     2     0.533  0.041     0.635  0.028     0.715  0.023     0.756  0.021     0.782  0.021
  2012     3     0.520  0.041     0.650  0.028     0.718  0.023     0.760  0.021     0.782  0.021
  2012     4     0.780  0.043     0.665  0.029     0.720  0.023     0.762  0.021     0.783  0.021
  2012     5     0.823  0.054     0.685  0.029     0.717  0.023     0.764  0.021     0.784  0.021
  2012     6     0.700  0.052     0.682  0.028     0.718  0.023     0.765  0.021     0.786  0.021
  2012     7     0.575  0.048     0.704  0.028     0.718  0.023     0.766  0.021     0.787  0.021
  2012     8     0.744  0.044     0.710  0.028     0.718  0.023     0.768  0.021     0.789  0.021
  2012     9     0.778  0.048     0.723  0.028     0.717  0.023     0.770  0.021     0.790  0.021
  2012    10     0.848  0.046     0.712  0.028     0.715  0.023     0.772  0.021     0.791  0.021
  2012    11     0.803  0.049     0.700  0.028     0.716  0.023     0.774  0.021     0.792  0.021
  2012    12     0.603  0.052     0.699  0.028     0.718  0.023     0.778  0.021     0.794  0.021
  2013     1     0.736  0.046     0.700  0.028     0.720  0.023     0.783  0.021     0.794  0.021
  2013     2     0.610  0.044     0.698  0.028     0.723  0.023     0.787  0.021     0.796  0.021
  2013     3     0.682  0.040     0.699  0.028     0.727  0.023     0.789  0.021     0.798  0.021
  2013     4     0.638  0.047     0.687  0.028     0.732  0.023     0.792  0.021     0.800  0.021
  2013     5     0.681  0.046     0.689  0.029     0.737  0.023     0.795  0.021     0.802  0.021
  2013     6     0.685  0.037     0.700  0.029     0.747  0.023     0.797  0.022     0.804  0.021
  2013     7     0.588  0.040     0.704  0.029     0.757  0.023     0.799  0.022     0.807  0.021
  2013     8     0.728  0.041     0.702  0.029     0.770  0.023     0.802  0.022     0.810  0.021
  2013     9     0.792  0.050     0.710  0.029     0.780  0.023     0.803  0.022     0.813  0.021
  2013    10     0.697  0.042     0.728  0.030     0.788  0.023     0.805  0.022     0.816  0.021
  2013    11     0.832  0.043     0.747  0.030     0.796  0.023     0.806  0.022     0.820  0.021
  2013    12     0.731  0.048     0.747  0.030     0.798  0.023     0.810  0.022     0.822  0.021
  2014     1     0.784  0.056     0.746  0.030     0.799  0.023     0.812  0.022     0.825  0.021
  2014     2     0.582  0.037     0.760  0.031     0.803  0.023     0.815  0.021       NaN    NaN
  2014     3     0.782  0.052     0.771  0.030     0.808  0.023     0.821  0.022       NaN    NaN
  2014     4     0.859  0.049     0.784  0.030     0.813  0.023     0.825  0.021       NaN    NaN
  2014     5     0.902  0.047     0.766  0.029     0.819  0.023     0.827  0.022       NaN    NaN
  2014     6     0.685  0.039     0.773  0.030     0.825  0.023     0.828  0.022       NaN    NaN
  2014     7     0.583  0.043     0.779  0.028     0.835  0.023     0.830  0.021       NaN    NaN
  2014     8     0.889  0.046     0.805  0.028     0.846  0.023     0.832  0.022       NaN    NaN
  2014     9     0.930  0.037     0.815  0.028     0.857  0.022     0.833  0.022       NaN    NaN
  2014    10     0.848  0.043     0.816  0.027     0.862  0.022     0.837  0.022       NaN    NaN
  2014    11     0.624  0.043     0.813  0.026     0.864  0.022     0.838  0.022       NaN    NaN
  2014    12     0.803  0.058     0.825  0.026     0.865  0.022     0.842  0.022       NaN    NaN
  2015     1     0.858  0.046     0.838  0.026     0.869  0.022     0.845  0.022       NaN    NaN
  2015     2     0.891  0.040     0.836  0.026     0.871  0.022     0.847  0.022       NaN    NaN
  2015     3     0.912  0.037     0.833  0.026     0.871  0.022     0.849  0.022       NaN    NaN
  2015     4     0.865  0.043     0.853  0.026     0.872  0.022     0.851  0.022       NaN    NaN
  2015     5     0.865  0.040     0.886  0.026     0.873  0.022     0.853  0.022       NaN    NaN
  2015     6     0.831  0.040     0.917  0.026     0.879  0.022     0.855  0.022       NaN    NaN
  2015     7     0.736  0.035     0.950  0.026     0.882  0.022     0.858  0.022       NaN    NaN
  2015     8     0.870  0.045     0.986  0.026     0.887  0.022     0.860  0.022       NaN    NaN
  2015     9     0.892  0.036     1.020  0.026     0.891  0.022     0.862  0.022       NaN    NaN
  2015    10     1.089  0.039     1.046  0.027     0.897  0.022     0.864  0.022       NaN    NaN
  2015    11     1.017  0.033     1.062  0.027     0.899  0.022     0.866  0.022       NaN    NaN
  2015    12     1.182  0.047     1.062  0.026     0.901  0.023     0.869  0.022       NaN    NaN
  2016     1     1.247  0.039     1.070  0.026     0.905  0.022     0.871  0.022       NaN    NaN
  2016     2     1.329  0.037     1.084  0.026     0.907  0.023     0.872  0.022       NaN    NaN
  2016     3     1.321  0.035     1.086  0.026     0.907  0.023     0.874  0.022       NaN    NaN
  2016     4     1.176  0.050     1.075  0.025     0.912  0.023     0.875  0.022       NaN    NaN
  2016     5     1.049  0.041     1.070  0.025     0.912  0.022     0.877  0.022       NaN    NaN
  2016     6     0.835  0.032     1.052  0.025     0.916  0.022     0.879  0.022       NaN    NaN
  2016     7     0.838  0.035     1.038  0.025     0.919  0.022     0.880  0.022       NaN    NaN
  2016     8     1.036  0.039     1.025  0.025     0.926  0.022     0.880  0.022       NaN    NaN
  2016     9     0.920  0.033     1.017  0.024     0.933  0.022     0.883  0.022       NaN    NaN
  2016    10     0.953  0.040     1.006  0.024     0.937  0.022     0.887  0.022       NaN    NaN
  2016    11     0.952  0.045     1.000  0.023     0.937  0.022     0.890  0.022       NaN    NaN
  2016    12     0.966  0.038     0.992  0.023     0.941  0.022     0.892  0.022       NaN    NaN
  2017     1     1.085  0.044     0.989  0.024     0.947  0.022     0.896  0.022       NaN    NaN
  2017     2     1.173  0.035     0.978  0.023     0.949  0.022     0.899  0.022       NaN    NaN
  2017     3     1.218  0.032     0.966  0.024     0.949  0.022     0.903  0.022       NaN    NaN
  2017     4     1.045  0.037     0.963  0.025     0.953  0.022     0.904  0.022       NaN    NaN
  2017     5     0.984  0.035     0.954  0.025     0.960  0.022     0.905  0.022       NaN    NaN
  2017     6     0.730  0.040     0.956  0.026     0.966  0.022     0.907  0.022       NaN    NaN
  2017     7     0.810  0.031     0.938  0.025     0.971  0.022     0.910  0.022       NaN    NaN
  2017     8     0.897  0.040     0.917  0.026     0.977  0.022     0.912  0.022       NaN    NaN
  2017     9     0.777  0.045     0.892  0.026     0.981  0.022     0.913  0.022       NaN    NaN
  2017    10     0.917  0.045     0.887  0.026     0.987  0.022     0.915  0.022       NaN    NaN
  2017    11     0.847  0.037     0.876  0.027     0.990  0.022     0.914  0.022       NaN    NaN
  2017    12     0.986  0.043     0.882  0.027     0.992  0.022     0.917  0.022       NaN    NaN
  2018     1     0.869  0.036     0.882  0.027     0.995  0.022     0.919  0.022       NaN    NaN
  2018     2     0.918  0.037     0.876  0.029     0.996  0.022     0.922  0.022       NaN    NaN
  2018     3     0.924  0.039     0.879  0.029     0.998  0.023     0.926  0.022       NaN    NaN
  2018     4     0.987  0.041     0.886  0.029     0.995  0.022     0.930  0.022       NaN    NaN
  2018     5     0.848  0.057     0.884  0.027     0.996  0.022     0.933  0.022       NaN    NaN
  2018     6     0.804  0.046     0.883  0.027     0.991  0.022     0.936  0.022       NaN    NaN
  2018     7     0.807  0.031     0.890  0.027     0.985  0.023     0.942  0.022       NaN    NaN
  2018     8     0.826  0.049     0.896  0.027     0.975  0.023     0.947  0.022       NaN    NaN
  2018     9     0.808  0.044     0.920  0.027     0.967  0.023     0.953  0.022       NaN    NaN
  2018    10     1.009  0.049     0.930  0.026     0.962  0.023     0.959  0.022       NaN    NaN
  2018    11     0.820  0.052     0.937  0.026     0.959  0.023     0.964  0.022       NaN    NaN
  2018    12     0.977  0.045     0.944  0.025     0.959  0.023     0.969  0.022       NaN    NaN
  2019     1     0.952  0.044     0.956  0.025     0.960  0.023     0.974  0.022       NaN    NaN
  2019     2     0.985  0.034     0.970  0.025     0.958  0.023       NaN    NaN       NaN    NaN
  2019     3     1.214  0.034     0.981  0.026     0.959  0.023       NaN    NaN       NaN    NaN
  2019     4     1.113  0.041     0.989  0.026     0.961  0.023       NaN    NaN       NaN    NaN
  2019     5     0.926  0.042     1.005  0.026     0.960  0.023       NaN    NaN       NaN    NaN
  2019     6     0.886  0.037     1.020  0.027     0.959  0.023       NaN    NaN       NaN    NaN
  2019     7     0.950  0.033     1.040  0.027     0.957  0.023       NaN    NaN       NaN    NaN
  2019     8     0.997  0.036     1.060  0.027     0.952  0.023       NaN    NaN       NaN    NaN
  2019     9     0.940  0.041     1.057  0.027     0.949  0.023       NaN    NaN       NaN    NaN
  2019    10     1.106  0.054     1.066  0.028     0.947  0.023       NaN    NaN       NaN    NaN
  2019    11     1.008  0.037     1.076  0.029     0.946  0.023       NaN    NaN       NaN    NaN
  2019    12     1.158  0.044     1.078  0.029     0.950  0.024       NaN    NaN       NaN    NaN
  2020     1     1.199  0.042     1.077  0.030     0.952  0.024       NaN    NaN       NaN    NaN
  2020     2     1.224  0.045     1.073  0.030     0.953  0.024       NaN    NaN       NaN    NaN
  2020     3     1.172  0.036     1.078  0.030     0.955  0.024       NaN    NaN       NaN    NaN
  2020     4     1.227  0.050     1.063  0.029     0.957  0.024       NaN    NaN       NaN    NaN
  2020     5     1.042  0.045     1.070  0.029     0.955  0.023       NaN    NaN       NaN    NaN
  2020     6     0.919  0.045     1.045  0.028     0.954  0.023       NaN    NaN       NaN    NaN
  2020     7     0.930  0.032     1.020  0.028     0.955  0.023       NaN    NaN       NaN    NaN
  2020     8     0.951  0.042     0.975  0.028     0.956  0.023       NaN    NaN       NaN    NaN
  2020     9     1.005  0.045     0.950  0.028     0.962  0.023       NaN    NaN       NaN    NaN
  2020    10     0.925  0.047     0.920  0.029     0.964  0.023       NaN    NaN       NaN    NaN
  2020    11     1.085  0.034     0.906  0.029     0.966  0.023       NaN    NaN       NaN    NaN
  2020    12     0.866  0.036     0.899  0.028     0.971  0.023       NaN    NaN       NaN    NaN
  2021     1     0.891  0.039     0.897  0.029     0.979  0.023       NaN    NaN       NaN    NaN
  2021     2     0.691  0.038     0.893  0.029     0.987  0.023       NaN    NaN       NaN    NaN
  2021     3     0.862  0.045     0.891  0.029     0.999  0.024       NaN    NaN       NaN    NaN
  2021     4     0.875  0.051     0.902  0.029     1.006  0.023       NaN    NaN       NaN    NaN
  2021     5     0.865  0.042     0.889  0.029     1.015  0.023       NaN    NaN       NaN    NaN
  2021     6     0.842  0.043     0.891  0.029     1.023  0.023       NaN    NaN       NaN    NaN
  2021     7     0.904  0.049     0.895  0.029     1.029  0.023       NaN    NaN       NaN    NaN
  2021     8     0.902  0.045     0.911  0.029       NaN    NaN       NaN    NaN       NaN    NaN
  2021     9     0.982  0.038     0.929  0.028       NaN    NaN       NaN    NaN       NaN    NaN
  2021    10     1.056  0.041     0.933  0.027       NaN    NaN       NaN    NaN       NaN    NaN
  2021    11     0.931  0.039     0.935  0.027       NaN    NaN       NaN    NaN       NaN    NaN
  2021    12     0.889  0.038     0.945  0.028       NaN    NaN       NaN    NaN       NaN    NaN
  2022     1     0.945  0.042     0.947  0.028       NaN    NaN       NaN    NaN       NaN    NaN
  2022     2     0.884  0.043     0.953  0.027       NaN    NaN       NaN    NaN       NaN    NaN
  2022     3     1.075  0.035     0.947  0.028       NaN    NaN       NaN    NaN       NaN    NaN
  2022     4     0.919  0.040     0.946  0.028       NaN    NaN       NaN    NaN       NaN    NaN
  2022     5     0.886  0.048     0.929  0.028       NaN    NaN       NaN    NaN       NaN    NaN
  2022     6     0.967  0.041     0.933  0.028       NaN    NaN       NaN    NaN       NaN    NaN
  2022     7     0.927  0.039     0.931  0.028       NaN    NaN       NaN    NaN       NaN    NaN
  2022     8     0.974  0.039     0.939  0.028       NaN    NaN       NaN    NaN       NaN    NaN
  2022     9     0.915  0.043     0.955  0.028       NaN    NaN       NaN    NaN       NaN    NaN
  2022    10     1.039  0.040     0.968  0.029       NaN    NaN       NaN    NaN       NaN    NaN
  2022    11     0.727  0.044     0.977  0.029       NaN    NaN       NaN    NaN       NaN    NaN
  2022    12     0.940  0.044     0.991  0.029       NaN    NaN       NaN    NaN       NaN    NaN
  2023     1     0.924  0.038     1.019  0.029       NaN    NaN       NaN    NaN       NaN    NaN
  2023     2     0.979  0.047     1.047  0.029       NaN    NaN       NaN    NaN       NaN    NaN
  2023     3     1.262  0.043     1.099  0.029       NaN    NaN       NaN    NaN       NaN    NaN
  2023     4     1.078  0.043     1.128  0.028       NaN    NaN       NaN    NaN       NaN    NaN
  2023     5     0.996  0.045     1.184  0.028       NaN    NaN       NaN    NaN       NaN    NaN
  2023     6     1.128  0.053     1.225  0.028       NaN    NaN       NaN    NaN       NaN    NaN
  2023     7     1.263  0.041     1.256  0.028       NaN    NaN       NaN    NaN       NaN    NaN
  2023     8     1.313  0.047       NaN    NaN       NaN    NaN       NaN    NaN       NaN    NaN
  2023     9     1.541  0.043       NaN    NaN       NaN    NaN       NaN    NaN       NaN    NaN
  2023    10     1.387  0.040       NaN    NaN       NaN    NaN       NaN    NaN       NaN    NaN
  2023    11     1.401  0.044       NaN    NaN       NaN    NaN       NaN    NaN       NaN    NaN
  2023    12     1.425  0.037       NaN    NaN       NaN    NaN       NaN    NaN       NaN    NaN
  2024     1     1.299  0.046       NaN    NaN       NaN    NaN       NaN    NaN       NaN    NaN